0.01000000000000000020816681711721685132943 0 0.009801850289950736136446174384673213353381
0.01000000000000000020816681711721685132943 0.05263157894736841813099204046011436730623 0.009801850289950736136446174384673213353381
0.01000000000000000020816681711721685132943 0.1052631578947368362619840809202287346125 0.009801850289950736136446174384673213353381
0.01000000000000000020816681711721685132943 0.1578947368421052543929761213803431019187 0.009801850289950736136446174384673213353381
0.01000000000000000020816681711721685132943 0.2105263157894736725239681618404574692249 0.009801850289950736136446174384673213353381
0.01000000000000000020816681711721685132943 0.2631578947368420906549602023005718365312 0.009801850289950736136446174384673213353381
0.01000000000000000020816681711721685132943 0.3157894736842105087859522427606862038374 0.009801850289950736136446174384673213353381
0.01000000000000000020816681711721685132943 0.3684210526315789269169442832208005711436 0.009801850289950736136446174384673213353381
0.01000000000000000020816681711721685132943 0.4210526315789473450479363236809149384499 0.009801850289950736136446174384673213353381
0.01000000000000000020816681711721685132943 0.4736842105263157631789283641410293057561 0.009801850289950736136446174384673213353381
0.01000000000000000020816681711721685132943 0.5263157894736841813099204046011436730623 0.009801850289950736136446174384673213353381
0.01000000000000000020816681711721685132943 0.5789473684210526549520636763190850615501 0.009801850289950736136446174384673213353381
0.01000000000000000020816681711721685132943 0.6315789473684210175719044855213724076748 0.009801850289950736136446174384673213353381
0.01000000000000000020816681711721685132943 0.6842105263157893801917452947236597537994 0.009801850289950736136446174384673213353381
0.01000000000000000020816681711721685132943 0.7368421052631578538338885664416011422873 0.009801850289950736136446174384673213353381
0.01000000000000000020816681711721685132943 0.7894736842105263274760318381595425307751 0.009801850289950736136446174384673213353381
0.01000000000000000020816681711721685132943 0.8421052631578946900958726473618298768997 0.009801850289950736136446174384673213353381
0.01000000000000000020816681711721685132943 0.8947368421052630527157134565641172230244 0.009801850289950736136446174384673213353381
0.01000000000000000020816681711721685132943 0.9473684210526315263578567282820586115122 0.009801850289950736136446174384673213353381
0.01000000000000000020816681711721685132943 1 0.009801850289950736136446174384673213353381
0.01438449888287663021302353882902025361545 0 0.01409944712316646767136241180651268223301
0.01438449888287663021302353882902025361545 0.05263157894736841813099204046011436730623 0.01409944712316646767136241180651268223301
0.01438449888287663021302353882902025361545 0.1052631578947368362619840809202287346125 0.01409944712316646767136241180651268223301
0.01438449888287663021302353882902025361545 0.1578947368421052543929761213803431019187 0.01409944712316646767136241180651268223301
0.01438449888287663021302353882902025361545 0.2105263157894736725239681618404574692249 0.01409944712316646767136241180651268223301
0.01438449888287663021302353882902025361545 0.2631578947368420906549602023005718365312 0.01409944712316646767136241180651268223301
0.01438449888287663021302353882902025361545 0.3157894736842105087859522427606862038374 0.01409944712316646767136241180651268223301
0.01438449888287663021302353882902025361545 0.3684210526315789269169442832208005711436 0.01409944712316646767136241180651268223301
0.01438449888287663021302353882902025361545 0.4210526315789473450479363236809149384499 0.01409944712316646767136241180651268223301
0.01438449888287663021302353882902025361545 0.4736842105263157631789283641410293057561 0.01409944712316646767136241180651268223301
0.01438449888287663021302353882902025361545 0.5263157894736841813099204046011436730623 0.01409944712316646767136241180651268223301
0.01438449888287663021302353882902025361545 0.5789473684210526549520636763190850615501 0.01409944712316646767136241180651268223301
0.01438449888287663021302353882902025361545 0.6315789473684210175719044855213724076748 0.01409944712316646767136241180651268223301
0.01438449888287663021302353882902025361545 0.6842105263157893801917452947236597537994 0.01409944712316646767136241180651268223301
0.01438449888287663021302353882902025361545 0.7368421052631578538338885664416011422873 0.01409944712316646767136241180651268223301
0.01438449888287663021302353882902025361545 0.7894736842105263274760318381595425307751 0.01409944712316646767136241180651268223301
0.01438449888287663021302353882902025361545 0.8421052631578946900958726473618298768997 0.01409944712316646767136241180651268223301
0.01438449888287663021302353882902025361545 0.8947368421052630527157134565641172230244 0.01409944712316646767136241180651268223301
0.01438449888287663021302353882902025361545 0.9473684210526315263578567282820586115122 0.01409944712316646767136241180651268223301
0.01438449888287663021302353882902025361545 1 0.01409944712316646767136241180651268223301
0.02069138081114790111980639153443917166442 0 0.02028129931722149822959089249252428999171
0.02069138081114790111980639153443917166442 0.05263157894736841813099204046011436730623 0.02028129931722149822959089249252428999171
0.02069138081114790111980639153443917166442 0.1052631578947368362619840809202287346125 0.02028129931722149822959089249252428999171
0.02069138081114790111980639153443917166442 0.1578947368421052543929761213803431019187 0.02028129931722149822959089249252428999171
0.02069138081114790111980639153443917166442 0.2105263157894736725239681618404574692249 0.02028129931722149822959089249252428999171
0.02069138081114790111980639153443917166442 0.2631578947368420906549602023005718365312 0.02028129931722149822959089249252428999171
0.02069138081114790111980639153443917166442 0.3157894736842105087859522427606862038374 0.02028129931722149822959089249252428999171
0.02069138081114790111980639153443917166442 0.3684210526315789269169442832208005711436 0.02028129931722149822959089249252428999171
0.02069138081114790111980639153443917166442 0.4210526315789473450479363236809149384499 0.02028129931722149822959089249252428999171
0.02069138081114790111980639153443917166442 0.4736842105263157631789283641410293057561 0.02028129931722149822959089249252428999171
0.02069138081114790111980639153443917166442 0.5263157894736841813099204046011436730623 0.02028129931722149822959089249252428999171
0.02069138081114790111980639153443917166442 0.5789473684210526549520636763190850615501 0.02028129931722149822959089249252428999171
0.02069138081114790111980639153443917166442 0.6315789473684210175719044855213724076748 0.02028129931722149822959089249252428999171
0.02069138081114790111980639153443917166442 0.6842105263157893801917452947236597537994 0.02028129931722149822959089249252428999171
0.02069138081114790111980639153443917166442 0.7368421052631578538338885664416011422873 0.02028129931722149822959089249252428999171
0.02069138081114790111980639153443917166442 0.7894736842105263274760318381595425307751 0.02028129931722149822959089249252428999171
0.02069138081114790111980639153443917166442 0.8421052631578946900958726473618298768997 0.02028129931722149822959089249252428999171
0.02069138081114790111980639153443917166442 0.8947368421052630527157134565641172230244 0.02028129931722149822959089249252428999171
0.02069138081114790111980639153443917166442 0.9473684210526315263578567282820586115122 0.02028129931722149822959089249252428999171
0.02069138081114790111980639153443917166442 1 0.02028129931722149822959089249252428999171
0.02976351441631317623626173940465378109366 0 0.0291735300580713632911944444003893295303
0.02976351441631317623626173940465378109366 0.05263157894736841813099204046011436730623 0.0291735300580713632911944444003893295303
0.02976351441631317623626173940465378109366 0.1052631578947368362619840809202287346125 0.0291735300580713632911944444003893295303
0.02976351441631317623626173940465378109366 0.1578947368421052543929761213803431019187 0.0291735300580713632911944444003893295303
0.02976351441631317623626173940465378109366 0.2105263157894736725239681618404574692249 0.0291735300580713632911944444003893295303
0.02976351441631317623626173940465378109366 0.2631578947368420906549602023005718365312 0.0291735300580713632911944444003893295303
0.02976351441631317623626173940465378109366 0.3157894736842105087859522427606862038374 0.0291735300580713632911944444003893295303
0.02976351441631317623626173940465378109366 0.3684210526315789269169442832208005711436 0.0291735300580713632911944444003893295303
0.02976351441631317623626173940465378109366 0.4210526315789473450479363236809149384499 0.0291735300580713632911944444003893295303
0.02976351441631317623626173940465378109366 0.4736842105263157631789283641410293057561 0.0291735300580713632911944444003893295303
0.02976351441631317623626173940465378109366 0.5263157894736841813099204046011436730623 0.0291735300580713632911944444003893295303
0.02976351441631317623626173940465378109366 0.5789473684210526549520636763190850615501 0.0291735300580713632911944444003893295303
0.02976351441631317623626173940465378109366 0.6315789473684210175719044855213724076748 0.0291735300580713632911944444003893295303
0.02976351441631317623626173940465378109366 0.6842105263157893801917452947236597537994 0.0291735300580713632911944444003893295303
0.02976351441631317623626173940465378109366 0.7368421052631578538338885664416011422873 0.0291735300580713632911944444003893295303
0.02976351441631317623626173940465378109366 0.7894736842105263274760318381595425307751 0.0291735300580713632911944444003893295303
0.02976351441631317623626173940465378109366 0.8421052631578946900958726473618298768997 0.0291735300580713632911944444003893295303
0.02976351441631317623626173940465378109366 0.8947368421052630527157134565641172230244 0.0291735300580713632911944444003893295303
0.02976351441631317623626173940465378109366 0.9473684210526315263578567282820586115122 0.0291735300580713632911944444003893295303
0.02976351441631317623626173940465378109366 1 0.0291735300580713632911944444003893295303
0.04281332398719393805830435439929715357721 0 0.04196444350403304157648420869008987210691
0.04281332398719393805830435439929715357721 0.05263157894736841813099204046011436730623 0.04196444350403304157648420869008987210691
0.04281332398719393805830435439929715357721 0.1052631578947368362619840809202287346125 0.04196444350403304157648420869008987210691
0.04281332398719393805830435439929715357721 0.1578947368421052543929761213803431019187 0.04196444350403304157648420869008987210691
0.04281332398719393805830435439929715357721 0.2105263157894736725239681618404574692249 0.04196444350403304157648420869008987210691
0.04281332398719393805830435439929715357721 0.2631578947368420906549602023005718365312 0.04196444350403304157648420869008987210691
0.04281332398719393805830435439929715357721 0.3157894736842105087859522427606862038374 0.04196444350403304157648420869008987210691
0.04281332398719393805830435439929715357721 0.3684210526315789269169442832208005711436 0.04196444350403304157648420869008987210691
0.04281332398719393805830435439929715357721 0.4210526315789473450479363236809149384499 0.04196444350403304157648420869008987210691
0.04281332398719393805830435439929715357721 0.4736842105263157631789283641410293057561 0.04196444350403304157648420869008987210691
0.04281332398719393805830435439929715357721 0.5263157894736841813099204046011436730623 0.04196444350403304157648420869008987210691
0.04281332398719393805830435439929715357721 0.5789473684210526549520636763190850615501 0.04196444350403304157648420869008987210691
0.04281332398719393805830435439929715357721 0.6315789473684210175719044855213724076748 0.04196444350403304157648420869008987210691
0.04281332398719393805830435439929715357721 0.6842105263157893801917452947236597537994 0.04196444350403304157648420869008987210691
0.04281332398719393805830435439929715357721 0.7368421052631578538338885664416011422873 0.04196444350403304157648420869008987210691
0.04281332398719393805830435439929715357721 0.7894736842105263274760318381595425307751 0.04196444350403304157648420869008987210691
0.04281332398719393805830435439929715357721 0.8421052631578946900958726473618298768997 0.04196444350403304157648420869008987210691
0.04281332398719393805830435439929715357721 0.8947368421052630527157134565641172230244 0.04196444350403304157648420869008987210691
0.04281332398719393805830435439929715357721 0.9473684210526315263578567282820586115122 0.04196444350403304157648420869008987210691
0.04281332398719393805830435439929715357721 1 0.04196444350403304157648420869008987210691
0.0615848211066026413051943677601229865104 0 0.06036328309194191610309587758820271119475
0.0615848211066026413051943677601229865104 0.05263157894736841813099204046011436730623 0.06036328309194191610309587758820271119475
0.0615848211066026413051943677601229865104 0.1052631578947368362619840809202287346125 0.06036328309194191610309587758820271119475
0.0615848211066026413051943677601229865104 0.1578947368421052543929761213803431019187 0.06036328309194191610309587758820271119475
0.0615848211066026413051943677601229865104 0.2105263157894736725239681618404574692249 0.06036328309194191610309587758820271119475
0.0615848211066026413051943677601229865104 0.2631578947368420906549602023005718365312 0.06036328309194191610309587758820271119475
0.0615848211066026413051943677601229865104 0.3157894736842105087859522427606862038374 0.06036328309194191610309587758820271119475
0.0615848211066026413051943677601229865104 0.3684210526315789269169442832208005711436 0.06036328309194191610309587758820271119475
0.0615848211066026413051943677601229865104 0.4210526315789473450479363236809149384499 0.06036328309194191610309587758820271119475
0.0615848211066026413051943677601229865104 0.4736842105263157631789283641410293057561 0.06036328309194191610309587758820271119475
0.0615848211066026413051943677601229865104 0.5263157894736841813099204046011436730623 0.06036328309194191610309587758820271119475
0.0615848211066026413051943677601229865104 0.5789473684210526549520636763190850615501 0.06036328309194191610309587758820271119475
0.0615848211066026413051943677601229865104 0.6315789473684210175719044855213724076748 0.06036328309194191610309587758820271119475
0.0615848211066026413051943677601229865104 0.6842105263157893801917452947236597537994 0.06036328309194191610309587758820271119475
0.0615848211066026413051943677601229865104 0.7368421052631578538338885664416011422873 0.06036328309194191610309587758820271119475
0.0615848211066026413051943677601229865104 0.7894736842105263274760318381595425307751 0.06036328309194191610309587758820271119475
0.0615848211066026413051943677601229865104 0.8421052631578946900958726473618298768997 0.06036328309194191610309587758820271119475
0.0615848211066026413051943677601229865104 0.8947368421052630527157134565641172230244 0.06036328309194191610309587758820271119475
0.0615848211066026413051943677601229865104 0.9473684210526315263578567282820586115122 0.06036328309194191610309587758820271119475
0.0615848211066026413051943677601229865104 1 0.06036328309194191610309587758820271119475
0.08858667904100822609869680945848813280463 0 0.08682854334253298222989769783453084528446
0.08858667904100822609869680945848813280463 0.05263157894736841813099204046011436730623 0.08682854334253298222989769783453084528446
0.08858667904100822609869680945848813280463 0.1052631578947368362619840809202287346125 0.08682854334253298222989769783453084528446
0.08858667904100822609869680945848813280463 0.1578947368421052543929761213803431019187 0.08682854334253298222989769783453084528446
0.08858667904100822609869680945848813280463 0.2105263157894736725239681618404574692249 0.08682854334253298222989769783453084528446
0.08858667904100822609869680945848813280463 0.2631578947368420906549602023005718365312 0.08682854334253298222989769783453084528446
0.08858667904100822609869680945848813280463 0.3157894736842105087859522427606862038374 0.08682854334253298222989769783453084528446
0.08858667904100822609869680945848813280463 0.3684210526315789269169442832208005711436 0.08682854334253298222989769783453084528446
0.08858667904100822609869680945848813280463 0.4210526315789473450479363236809149384499 0.08682854334253298222989769783453084528446
0.08858667904100822609869680945848813280463 0.4736842105263157631789283641410293057561 0.08682854334253298222989769783453084528446
0.08858667904100822609869680945848813280463 0.5263157894736841813099204046011436730623 0.08682854334253298222989769783453084528446
0.08858667904100822609869680945848813280463 0.5789473684210526549520636763190850615501 0.08682854334253298222989769783453084528446
0.08858667904100822609869680945848813280463 0.6315789473684210175719044855213724076748 0.08682854334253298222989769783453084528446
0.08858667904100822609869680945848813280463 0.6842105263157893801917452947236597537994 0.08682854334253298222989769783453084528446
0.08858667904100822609869680945848813280463 0.7368421052631578538338885664416011422873 0.08682854334253298222989769783453084528446
0.08858667904100822609869680945848813280463 0.7894736842105263274760318381595425307751 0.08682854334253298222989769783453084528446
0.08858667904100822609869680945848813280463 0.8421052631578946900958726473618298768997 0.08682854334253298222989769783453084528446
0.08858667904100822609869680945848813280463 0.8947368421052630527157134565641172230244 0.08682854334253298222989769783453084528446
0.08858667904100822609869680945848813280463 0.9473684210526315263578567282820586115122 0.08682854334253298222989769783453084528446
0.08858667904100822609869680945848813280463 1 0.08682854334253298222989769783453084528446
0.1274274985703133522552121803528279997408 0 0.1248962445537071808132623118581250309944
0.1274274985703133522552121803528279997408 0.05263157894736841813099204046011436730623 0.1248962445537071808132623118581250309944
0.1274274985703133522552121803528279997408 0.1052631578947368362619840809202287346125 0.1248962445537071808132623118581250309944
0.1274274985703133522552121803528279997408 0.1578947368421052543929761213803431019187 0.1248962445537071808132623118581250309944
0.1274274985703133522552121803528279997408 0.2105263157894736725239681618404574692249 0.1248962445537071808132623118581250309944
0.1274274985703133522552121803528279997408 0.2631578947368420906549602023005718365312 0.1248962445537071808132623118581250309944
0.1274274985703133522552121803528279997408 0.3157894736842105087859522427606862038374 0.1248962445537071808132623118581250309944
0.1274274985703133522552121803528279997408 0.3684210526315789269169442832208005711436 0.1248962445537071808132623118581250309944
0.1274274985703133522552121803528279997408 0.4210526315789473450479363236809149384499 0.1248962445537071808132623118581250309944
0.1274274985703133522552121803528279997408 0.4736842105263157631789283641410293057561 0.1248962445537071808132623118581250309944
0.1274274985703133522552121803528279997408 0.5263157894736841813099204046011436730623 0.1248962445537071808132623118581250309944
0.1274274985703133522552121803528279997408 0.5789473684210526549520636763190850615501 0.1248962445537071808132623118581250309944
0.1274274985703133522552121803528279997408 0.6315789473684210175719044855213724076748 0.1248962445537071808132623118581250309944
0.1274274985703133522552121803528279997408 0.6842105263157893801917452947236597537994 0.1248962445537071808132623118581250309944
0.1274274985703133522552121803528279997408 0.7368421052631578538338885664416011422873 0.1248962445537071808132623118581250309944
0.1274274985703133522552121803528279997408 0.7894736842105263274760318381595425307751 0.1248962445537071808132623118581250309944
0.1274274985703133522552121803528279997408 0.8421052631578946900958726473618298768997 0.1248962445537071808132623118581250309944
0.1274274985703133522552121803528279997408 0.8947368421052630527157134565641172230244 0.1248962445537071808132623118581250309944
0.1274274985703133522552121803528279997408 0.9473684210526315263578567282820586115122 0.1248962445537071808132623118581250309944
0.1274274985703133522552121803528279997408 1 0.1248962445537071808132623118581250309944
0.1832980710832435577994914410737692378461 0 0.1796517378531868880386923592595849186182
0.1832980710832435577994914410737692378461 0.05263157894736841813099204046011436730623 0.1796517378531868880386923592595849186182
0.1832980710832435577994914410737692378461 0.1052631578947368362619840809202287346125 0.1796517378531868880386923592595849186182
0.1832980710832435577994914410737692378461 0.1578947368421052543929761213803431019187 0.1796517378531868880386923592595849186182
0.1832980710832435577994914410737692378461 0.2105263157894736725239681618404574692249 0.1796517378531868880386923592595849186182
0.1832980710832435577994914410737692378461 0.2631578947368420906549602023005718365312 0.1796517378531868880386923592595849186182
0.1832980710832435577994914410737692378461 0.3157894736842105087859522427606862038374 0.1796517378531868880386923592595849186182
0.1832980710832435577994914410737692378461 0.3684210526315789269169442832208005711436 0.1796517378531868880386923592595849186182
0.1832980710832435577994914410737692378461 0.4210526315789473450479363236809149384499 0.1796517378531868880386923592595849186182
0.1832980710832435577994914410737692378461 0.4736842105263157631789283641410293057561 0.1796517378531868880386923592595849186182
0.1832980710832435577994914410737692378461 0.5263157894736841813099204046011436730623 0.1796517378531868880386923592595849186182
0.1832980710832435577994914410737692378461 0.5789473684210526549520636763190850615501 0.1796517378531868880386923592595849186182
0.1832980710832435577994914410737692378461 0.6315789473684210175719044855213724076748 0.1796517378531868880386923592595849186182
0.1832980710832435577994914410737692378461 0.6842105263157893801917452947236597537994 0.1796517378531868880386923592595849186182
0.1832980710832435577994914410737692378461 0.7368421052631578538338885664416011422873 0.1796517378531868880386923592595849186182
0.1832980710832435577994914410737692378461 0.7894736842105263274760318381595425307751 0.1796517378531868880386923592595849186182
0.1832980710832435577994914410737692378461 0.8421052631578946900958726473618298768997 0.1796517378531868880386923592595849186182
0.1832980710832435577994914410737692378461 0.8947368421052630527157134565641172230244 0.1796517378531868880386923592595849186182
0.1832980710832435577994914410737692378461 0.9473684210526315263578567282820586115122 0.1796517378531868880386923592595849186182
0.1832980710832435577994914410737692378461 1 0.1796517378531868880386923592595849186182
0.2636650898730358294486109116405714303255 0 0.2584070495912897946766406676033511757851
0.2636650898730358294486109116405714303255 0.05263157894736841813099204046011436730623 0.2584070495912897946766406676033511757851
0.2636650898730358294486109116405714303255 0.1052631578947368362619840809202287346125 0.2584070495912897946766406676033511757851
0.2636650898730358294486109116405714303255 0.1578947368421052543929761213803431019187 0.2584070495912897946766406676033511757851
0.2636650898730358294486109116405714303255 0.2105263157894736725239681618404574692249 0.2584070495912897946766406676033511757851
0.2636650898730358294486109116405714303255 0.2631578947368420906549602023005718365312 0.2584070495912897946766406676033511757851
0.2636650898730358294486109116405714303255 0.3157894736842105087859522427606862038374 0.2584070495912897946766406676033511757851
0.2636650898730358294486109116405714303255 0.3684210526315789269169442832208005711436 0.2584070495912897946766406676033511757851
0.2636650898730358294486109116405714303255 0.4210526315789473450479363236809149384499 0.2584070495912897946766406676033511757851
0.2636650898730358294486109116405714303255 0.4736842105263157631789283641410293057561 0.2584070495912897946766406676033511757851
0.2636650898730358294486109116405714303255 0.5263157894736841813099204046011436730623 0.2584070495912897946766406676033511757851
0.2636650898730358294486109116405714303255 0.5789473684210526549520636763190850615501 0.2584070495912897946766406676033511757851
0.2636650898730358294486109116405714303255 0.6315789473684210175719044855213724076748 0.2584070495912897946766406676033511757851
0.2636650898730358294486109116405714303255 0.6842105263157893801917452947236597537994 0.2584070495912897946766406676033511757851
0.2636650898730358294486109116405714303255 0.7368421052631578538338885664416011422873 0.2584070495912897946766406676033511757851
0.2636650898730358294486109116405714303255 0.7894736842105263274760318381595425307751 0.2584070495912897946766406676033511757851
0.2636650898730358294486109116405714303255 0.8421052631578946900958726473618298768997 0.2584070495912897946766406676033511757851
0.2636650898730358294486109116405714303255 0.8947368421052630527157134565641172230244 0.2584070495912897946766406676033511757851
0.2636650898730358294486109116405714303255 0.9473684210526315263578567282820586115122 0.2584070495912897946766406676033511757851
0.2636650898730358294486109116405714303255 1 0.2584070495912897946766406676033511757851
0.3792690190732249666538677956850733608007 0 0.3716697889483197014826032500423025339842
0.3792690190732249666538677956850733608007 0.05263157894736841813099204046011436730623 0.3716697889483197014826032500423025339842
0.3792690190732249666538677956850733608007 0.1052631578947368362619840809202287346125 0.3716697889483197014826032500423025339842
0.3792690190732249666538677956850733608007 0.1578947368421052543929761213803431019187 0.3716697889483197014826032500423025339842
0.3792690190732249666538677956850733608007 0.2105263157894736725239681618404574692249 0.3716697889483197014826032500423025339842
0.3792690190732249666538677956850733608007 0.2631578947368420906549602023005718365312 0.3716697889483197014826032500423025339842
0.3792690190732249666538677956850733608007 0.3157894736842105087859522427606862038374 0.3716697889483197014826032500423025339842
0.3792690190732249666538677956850733608007 0.3684210526315789269169442832208005711436 0.3716697889483197014826032500423025339842
0.3792690190732249666538677956850733608007 0.4210526315789473450479363236809149384499 0.3716697889483197014826032500423025339842
0.3792690190732249666538677956850733608007 0.4736842105263157631789283641410293057561 0.3716697889483197014826032500423025339842
0.3792690190732249666538677956850733608007 0.5263157894736841813099204046011436730623 0.3716697889483197014826032500423025339842
0.3792690190732249666538677956850733608007 0.5789473684210526549520636763190850615501 0.3716697889483197014826032500423025339842
0.3792690190732249666538677956850733608007 0.6315789473684210175719044855213724076748 0.3716697889483197014826032500423025339842
0.3792690190732249666538677956850733608007 0.6842105263157893801917452947236597537994 0.3716697889483197014826032500423025339842
0.3792690190732249666538677956850733608007 0.7368421052631578538338885664416011422873 0.3716697889483197014826032500423025339842
0.3792690190732249666538677956850733608007 0.7894736842105263274760318381595425307751 0.3716697889483197014826032500423025339842
0.3792690190732249666538677956850733608007 0.8421052631578946900958726473618298768997 0.3716697889483197014826032500423025339842
0.3792690190732249666538677956850733608007 0.8947368421052630527157134565641172230244 0.3716697889483197014826032500423025339842
0.3792690190732249666538677956850733608007 0.9473684210526315263578567282820586115122 0.3716697889483197014826032500423025339842
0.3792690190732249666538677956850733608007 1 0.3716697889483197014826032500423025339842
0.5455594781168516815839097944262903183699 0 0.5345047055218016263111735497659537941217
0.5455594781168516815839097944262903183699 0.05263157894736841813099204046011436730623 0.5345047055218016263111735497659537941217
0.5455594781168516815839097944262903183699 0.1052631578947368362619840809202287346125 0.5345047055218016263111735497659537941217
0.5455594781168516815839097944262903183699 0.1578947368421052543929761213803431019187 0.5345047055218016263111735497659537941217
0.5455594781168516815839097944262903183699 0.2105263157894736725239681618404574692249 0.5345047055218016263111735497659537941217
0.5455594781168516815839097944262903183699 0.2631578947368420906549602023005718365312 0.5345047055218016263111735497659537941217
0.5455594781168516815839097944262903183699 0.3157894736842105087859522427606862038374 0.5345047055218016263111735497659537941217
0.5455594781168516815839097944262903183699 0.3684210526315789269169442832208005711436 0.5345047055218016263111735497659537941217
0.5455594781168516815839097944262903183699 0.4210526315789473450479363236809149384499 0.5345047055218016263111735497659537941217
0.5455594781168516815839097944262903183699 0.4736842105263157631789283641410293057561 0.5345047055218016263111735497659537941217
0.5455594781168516815839097944262903183699 0.5263157894736841813099204046011436730623 0.5345047055218016263111735497659537941217
0.5455594781168516815839097944262903183699 0.5789473684210526549520636763190850615501 0.5345047055218016263111735497659537941217
0.5455594781168516815839097944262903183699 0.6315789473684210175719044855213724076748 0.5345047055218016263111735497659537941217
0.5455594781168516815839097944262903183699 0.6842105263157893801917452947236597537994 0.5345047055218016263111735497659537941217
0.5455594781168516815839097944262903183699 0.7368421052631578538338885664416011422873 0.5345047055218016263111735497659537941217
0.5455594781168516815839097944262903183699 0.7894736842105263274760318381595425307751 0.5345047055218016263111735497659537941217
0.5455594781168516815839097944262903183699 0.8421052631578946900958726473618298768997 0.5345047055218016263111735497659537941217
0.5455594781168516815839097944262903183699 0.8947368421052630527157134565641172230244 0.5345047055218016263111735497659537941217
0.5455594781168516815839097944262903183699 0.9473684210526315263578567282820586115122 0.5345047055218016263111735497659537941217
0.5455594781168516815839097944262903183699 1 0.5345047055218016263111735497659537941217
0.7847599703514610558485742330958601087332 0 0.7680376459722817461539534633629955351353
0.7847599703514610558485742330958601087332 0.05263157894736841813099204046011436730623 0.7680376459722817461539534633629955351353
0.7847599703514610558485742330958601087332 0.1052631578947368362619840809202287346125 0.7680376459722817461539534633629955351353
0.7847599703514610558485742330958601087332 0.1578947368421052543929761213803431019187 0.7680376459722817461539534633629955351353
0.7847599703514610558485742330958601087332 0.2105263157894736725239681618404574692249 0.7680376459722817461539534633629955351353
0.7847599703514610558485742330958601087332 0.2631578947368420906549602023005718365312 0.7680376459722817461539534633629955351353
0.7847599703514610558485742330958601087332 0.3157894736842105087859522427606862038374 0.7680376459722817461539534633629955351353
0.7847599703514610558485742330958601087332 0.3684210526315789269169442832208005711436 0.7680376459722817461539534633629955351353
0.7847599703514610558485742330958601087332 0.4210526315789473450479363236809149384499 0.7680376459722817461539534633629955351353
0.7847599703514610558485742330958601087332 0.4736842105263157631789283641410293057561 0.7680376459722817461539534633629955351353
0.7847599703514610558485742330958601087332 0.5263157894736841813099204046011436730623 0.7680376459722817461539534633629955351353
0.7847599703514610558485742330958601087332 0.5789473684210526549520636763190850615501 0.7680376459722817461539534633629955351353
0.7847599703514610558485742330958601087332 0.6315789473684210175719044855213724076748 0.7680376459722817461539534633629955351353
0.7847599703514610558485742330958601087332 0.6842105263157893801917452947236597537994 0.7680376459722817461539534633629955351353
0.7847599703514610558485742330958601087332 0.7368421052631578538338885664416011422873 0.7680376459722817461539534633629955351353
0.7847599703514610558485742330958601087332 0.7894736842105263274760318381595425307751 0.7680376459722817461539534633629955351353
0.7847599703514610558485742330958601087332 0.8421052631578946900958726473618298768997 0.7680376459722817461539534633629955351353
0.7847599703514610558485742330958601087332 0.8947368421052630527157134565641172230244 0.7680376459722817461539534633629955351353
0.7847599703514610558485742330958601087332 0.9473684210526315263578567282820586115122 0.7680376459722817461539534633629955351353
0.7847599703514610558485742330958601087332 1 0.7680376459722817461539534633629955351353
1.128837891684688399251967894088011234999 0 0.9765329064856752561141206570027861744165
1.128837891684688399251967894088011234999 0.05263157894736841813099204046011436730623 0.9765329064856752561141206570027861744165
1.128837891684688399251967894088011234999 0.1052631578947368362619840809202287346125 0.9765329064856752561141206570027861744165
1.128837891684688399251967894088011234999 0.1578947368421052543929761213803431019187 0.9765329064856752561141206570027861744165
1.128837891684688399251967894088011234999 0.2105263157894736725239681618404574692249 0.9765329064856752561141206570027861744165
1.128837891684688399251967894088011234999 0.2631578947368420906549602023005718365312 0.9765329064856752561141206570027861744165
1.128837891684688399251967894088011234999 0.3157894736842105087859522427606862038374 0.9765329064856752561141206570027861744165
1.128837891684688399251967894088011234999 0.3684210526315789269169442832208005711436 0.9765329064856752561141206570027861744165
1.128837891684688399251967894088011234999 0.4210526315789473450479363236809149384499 0.9765329064856752561141206570027861744165
1.128837891684688399251967894088011234999 0.4736842105263157631789283641410293057561 0.9765329064856752561141206570027861744165
1.128837891684688399251967894088011234999 0.5263157894736841813099204046011436730623 0.9765329064856752561141206570027861744165
1.128837891684688399251967894088011234999 0.5789473684210526549520636763190850615501 0.9765329064856752561141206570027861744165
1.128837891684688399251967894088011234999 0.6315789473684210175719044855213724076748 0.9765329064856752561141206570027861744165
1.128837891684688399251967894088011234999 0.6842105263157893801917452947236597537994 0.9765329064856752561141206570027861744165
1.128837891684688399251967894088011234999 0.7368421052631578538338885664416011422873 0.9765329064856752561141206570027861744165
1.128837891684688399251967894088011234999 0.7894736842105263274760318381595425307751 0.9765329064856752561141206570027861744165
1.128837891684688399251967894088011234999 0.8421052631578946900958726473618298768997 0.9765329064856752561141206570027861744165
1.128837891684688399251967894088011234999 0.8947368421052630527157134565641172230244 0.9765329064856752561141206570027861744165
1.128837891684688399251967894088011234999 0.9473684210526315263578567282820586115122 0.9765329064856752561141206570027861744165
1.128837891684688399251967894088011234999 1 0.9765329064856752561141206570027861744165
1.623776739188721007778326566040050238371 0 0.9795765177225947972772246430395171046257
1.623776739188721007778326566040050238371 0.05263157894736841813099204046011436730623 0.9795765177225947972772246430395171046257
1.623776739188721007778326566040050238371 0.1052631578947368362619840809202287346125 0.9795765177225947972772246430395171046257
1.623776739188721007778326566040050238371 0.1578947368421052543929761213803431019187 0.9795765177225947972772246430395171046257
1.623776739188721007778326566040050238371 0.2105263157894736725239681618404574692249 0.9795765177225947972772246430395171046257
1.623776739188721007778326566040050238371 0.2631578947368420906549602023005718365312 0.9795765177225947972772246430395171046257
1.623776739188721007778326566040050238371 0.3157894736842105087859522427606862038374 0.9795765177225947972772246430395171046257
1.623776739188721007778326566040050238371 0.3684210526315789269169442832208005711436 0.9795765177225947972772246430395171046257
1.623776739188721007778326566040050238371 0.4210526315789473450479363236809149384499 0.9795765177225947972772246430395171046257
1.623776739188721007778326566040050238371 0.4736842105263157631789283641410293057561 0.9795765177225947972772246430395171046257
1.623776739188721007778326566040050238371 0.5263157894736841813099204046011436730623 0.9795765177225947972772246430395171046257
1.623776739188721007778326566040050238371 0.5789473684210526549520636763190850615501 0.9795765177225947972772246430395171046257
1.623776739188721007778326566040050238371 0.6315789473684210175719044855213724076748 0.9795765177225947972772246430395171046257
1.623776739188721007778326566040050238371 0.6842105263157893801917452947236597537994 0.9795765177225947972772246430395171046257
1.623776739188721007778326566040050238371 0.7368421052631578538338885664416011422873 0.9795765177225947972772246430395171046257
1.623776739188721007778326566040050238371 0.7894736842105263274760318381595425307751 0.9795765177225947972772246430395171046257
1.623776739188721007778326566040050238371 0.8421052631578946900958726473618298768997 0.9795765177225947972772246430395171046257
1.623776739188721007778326566040050238371 0.8947368421052630527157134565641172230244 0.9795765177225947972772246430395171046257
1.623776739188721007778326566040050238371 0.9473684210526315263578567282820586115122 0.9795765177225947972772246430395171046257
1.623776739188721007778326566040050238371 1 0.9795765177225947972772246430395171046257
2.335721469090121349410082984832115471363 0 0.9799113933165010115189375028421636670828
2.335721469090121349410082984832115471363 0.05263157894736841813099204046011436730623 0.9799113933165010115189375028421636670828
2.335721469090121349410082984832115471363 0.1052631578947368362619840809202287346125 0.9799113933165010115189375028421636670828
2.335721469090121349410082984832115471363 0.1578947368421052543929761213803431019187 0.9799113933165010115189375028421636670828
2.335721469090121349410082984832115471363 0.2105263157894736725239681618404574692249 0.9799113933165010115189375028421636670828
2.335721469090121349410082984832115471363 0.2631578947368420906549602023005718365312 0.9799113933165010115189375028421636670828
2.335721469090121349410082984832115471363 0.3157894736842105087859522427606862038374 0.9799113933165010115189375028421636670828
2.335721469090121349410082984832115471363 0.3684210526315789269169442832208005711436 0.9799113933165010115189375028421636670828
2.335721469090121349410082984832115471363 0.4210526315789473450479363236809149384499 0.9799113933165010115189375028421636670828
2.335721469090121349410082984832115471363 0.4736842105263157631789283641410293057561 0.9799113933165010115189375028421636670828
2.335721469090121349410082984832115471363 0.5263157894736841813099204046011436730623 0.9799113933165010115189375028421636670828
2.335721469090121349410082984832115471363 0.5789473684210526549520636763190850615501 0.9799113933165010115189375028421636670828
2.335721469090121349410082984832115471363 0.6315789473684210175719044855213724076748 0.9799113933165010115189375028421636670828
2.335721469090121349410082984832115471363 0.6842105263157893801917452947236597537994 0.9799113933165010115189375028421636670828
2.335721469090121349410082984832115471363 0.7368421052631578538338885664416011422873 0.9799113933165010115189375028421636670828
2.335721469090121349410082984832115471363 0.7894736842105263274760318381595425307751 0.9799113933165010115189375028421636670828
2.335721469090121349410082984832115471363 0.8421052631578946900958726473618298768997 0.9799113933165010115189375028421636670828
2.335721469090121349410082984832115471363 0.8947368421052630527157134565641172230244 0.9799113933165010115189375028421636670828
2.335721469090121349410082984832115471363 0.9473684210526315263578567282820586115122 0.9799113933165010115189375028421636670828
2.335721469090121349410082984832115471363 1 0.9799113933165010115189375028421636670828
3.359818286283780874867943566641770303249 0 0.9800335291136065274386623968894127756357
3.359818286283780874867943566641770303249 0.05263157894736841813099204046011436730623 0.9800335291136065274386623968894127756357
3.359818286283780874867943566641770303249 0.1052631578947368362619840809202287346125 0.9800335291136065274386623968894127756357
3.359818286283780874867943566641770303249 0.1578947368421052543929761213803431019187 0.9800335291136065274386623968894127756357
3.359818286283780874867943566641770303249 0.2105263157894736725239681618404574692249 0.9800335291136065274386623968894127756357
3.359818286283780874867943566641770303249 0.2631578947368420906549602023005718365312 0.9800335291136065274386623968894127756357
3.359818286283780874867943566641770303249 0.3157894736842105087859522427606862038374 0.9800335291136065274386623968894127756357
3.359818286283780874867943566641770303249 0.3684210526315789269169442832208005711436 0.9800335291136065274386623968894127756357
3.359818286283780874867943566641770303249 0.4210526315789473450479363236809149384499 0.9800335291136065274386623968894127756357
3.359818286283780874867943566641770303249 0.4736842105263157631789283641410293057561 0.9800335291136065274386623968894127756357
3.359818286283780874867943566641770303249 0.5263157894736841813099204046011436730623 0.9800335291136065274386623968894127756357
3.359818286283780874867943566641770303249 0.5789473684210526549520636763190850615501 0.9800335291136065274386623968894127756357
3.359818286283780874867943566641770303249 0.6315789473684210175719044855213724076748 0.9800335291136065274386623968894127756357
3.359818286283780874867943566641770303249 0.6842105263157893801917452947236597537994 0.9800335291136065274386623968894127756357
3.359818286283780874867943566641770303249 0.7368421052631578538338885664416011422873 0.9800335291136065274386623968894127756357
3.359818286283780874867943566641770303249 0.7894736842105263274760318381595425307751 0.9800335291136065274386623968894127756357
3.359818286283780874867943566641770303249 0.8421052631578946900958726473618298768997 0.9800335291136065274386623968894127756357
3.359818286283780874867943566641770303249 0.8947368421052630527157134565641172230244 0.9800335291136065274386623968894127756357
3.359818286283780874867943566641770303249 0.9473684210526315263578567282820586115122 0.9800335291136065274386623968894127756357
3.359818286283780874867943566641770303249 1 0.9800335291136065274386623968894127756357
4.832930238571751857534763985313475131989 0 0.9800937063806673954502457490889355540276
4.832930238571751857534763985313475131989 0.05263157894736841813099204046011436730623 0.9800937063806673954502457490889355540276
4.832930238571751857534763985313475131989 0.1052631578947368362619840809202287346125 0.9800937063806673954502457490889355540276
4.832930238571751857534763985313475131989 0.1578947368421052543929761213803431019187 0.9800937063806673954502457490889355540276
4.832930238571751857534763985313475131989 0.2105263157894736725239681618404574692249 0.9800937063806673954502457490889355540276
4.832930238571751857534763985313475131989 0.2631578947368420906549602023005718365312 0.9800937063806673954502457490889355540276
4.832930238571751857534763985313475131989 0.3157894736842105087859522427606862038374 0.9800937063806673954502457490889355540276
4.832930238571751857534763985313475131989 0.3684210526315789269169442832208005711436 0.9800937063806673954502457490889355540276
4.832930238571751857534763985313475131989 0.4210526315789473450479363236809149384499 0.9800937063806673954502457490889355540276
4.832930238571751857534763985313475131989 0.4736842105263157631789283641410293057561 0.9800937063806673954502457490889355540276
4.832930238571751857534763985313475131989 0.5263157894736841813099204046011436730623 0.9800937063806673954502457490889355540276
4.832930238571751857534763985313475131989 0.5789473684210526549520636763190850615501 0.9800937063806673954502457490889355540276
4.832930238571751857534763985313475131989 0.6315789473684210175719044855213724076748 0.9800937063806673954502457490889355540276
4.832930238571751857534763985313475131989 0.6842105263157893801917452947236597537994 0.9800937063806673954502457490889355540276
4.832930238571751857534763985313475131989 0.7368421052631578538338885664416011422873 0.9800937063806673954502457490889355540276
4.832930238571751857534763985313475131989 0.7894736842105263274760318381595425307751 0.9800937063806673954502457490889355540276
4.832930238571751857534763985313475131989 0.8421052631578946900958726473618298768997 0.9800937063806673954502457490889355540276
4.832930238571751857534763985313475131989 0.8947368421052630527157134565641172230244 0.9800937063806673954502457490889355540276
4.832930238571751857534763985313475131989 0.9473684210526315263578567282820586115122 0.9800937063806673954502457490889355540276
4.832930238571751857534763985313475131989 1 0.9800937063806673954502457490889355540276
6.95192796177560534687245308305136859417 0 0.9801277174184533924616857802902814000845
6.95192796177560534687245308305136859417 0.05263157894736841813099204046011436730623 0.9801277174184533924616857802902814000845
6.95192796177560534687245308305136859417 0.1052631578947368362619840809202287346125 0.9801277174184533924616857802902814000845
6.95192796177560534687245308305136859417 0.1578947368421052543929761213803431019187 0.9801277174184533924616857802902814000845
6.95192796177560534687245308305136859417 0.2105263157894736725239681618404574692249 0.9801277174184533924616857802902814000845
6.95192796177560534687245308305136859417 0.2631578947368420906549602023005718365312 0.9801277174184533924616857802902814000845
6.95192796177560534687245308305136859417 0.3157894736842105087859522427606862038374 0.9801277174184533924616857802902814000845
6.95192796177560534687245308305136859417 0.3684210526315789269169442832208005711436 0.9801277174184533924616857802902814000845
6.95192796177560534687245308305136859417 0.4210526315789473450479363236809149384499 0.9801277174184533924616857802902814000845
6.95192796177560534687245308305136859417 0.4736842105263157631789283641410293057561 0.9801277174184533924616857802902814000845
6.95192796177560534687245308305136859417 0.5263157894736841813099204046011436730623 0.9801277174184533924616857802902814000845
6.95192796177560534687245308305136859417 0.5789473684210526549520636763190850615501 0.9801277174184533924616857802902814000845
6.95192796177560534687245308305136859417 0.6315789473684210175719044855213724076748 0.9801277174184533924616857802902814000845
6.95192796177560534687245308305136859417 0.6842105263157893801917452947236597537994 0.9801277174184533924616857802902814000845
6.95192796177560534687245308305136859417 0.7368421052631578538338885664416011422873 0.9801277174184533924616857802902814000845
6.95192796177560534687245308305136859417 0.7894736842105263274760318381595425307751 0.9801277174184533924616857802902814000845
6.95192796177560534687245308305136859417 0.8421052631578946900958726473618298768997 0.9801277174184533924616857802902814000845
6.95192796177560534687245308305136859417 0.8947368421052630527157134565641172230244 0.9801277174184533924616857802902814000845
6.95192796177560534687245308305136859417 0.9473684210526315263578567282820586115122 0.9801277174184533924616857802902814000845
6.95192796177560534687245308305136859417 1 0.9801277174184533924616857802902814000845
10 0 0.9801484427881764771584016671113204210997
10 0.05263157894736841813099204046011436730623 0.9801484427881764771584016671113204210997
10 0.1052631578947368362619840809202287346125 0.9801484427881764771584016671113204210997
10 0.1578947368421052543929761213803431019187 0.9801484427881764771584016671113204210997
10 0.2105263157894736725239681618404574692249 0.9801484427881764771584016671113204210997
10 0.2631578947368420906549602023005718365312 0.9801484427881764771584016671113204210997
10 0.3157894736842105087859522427606862038374 0.9801484427881764771584016671113204210997
10 0.3684210526315789269169442832208005711436 0.9801484427881764771584016671113204210997
10 0.4210526315789473450479363236809149384499 0.9801484427881764771584016671113204210997
10 0.4736842105263157631789283641410293057561 0.9801484427881764771584016671113204210997
10 0.5263157894736841813099204046011436730623 0.9801484427881764771584016671113204210997
10 0.5789473684210526549520636763190850615501 0.9801484427881764771584016671113204210997
10 0.6315789473684210175719044855213724076748 0.9801484427881764771584016671113204210997
10 0.6842105263157893801917452947236597537994 0.9801484427881764771584016671113204210997
10 0.7368421052631578538338885664416011422873 0.9801484427881764771584016671113204210997
10 0.7894736842105263274760318381595425307751 0.9801484427881764771584016671113204210997
10 0.8421052631578946900958726473618298768997 0.9801484427881764771584016671113204210997
10 0.8947368421052630527157134565641172230244 0.9801484427881764771584016671113204210997
10 0.9473684210526315263578567282820586115122 0.9801484427881764771584016671113204210997
10 1 0.9801484427881764771584016671113204210997
