0.010000000000     0.000000000000 
0.010000000000     0.052631578947 
0.010000000000     0.105263157895 
0.010000000000     0.157894736842 
0.010000000000     0.210526315789 
0.010000000000     0.263157894737 
0.010000000000     0.315789473684 
0.010000000000     0.368421052632 
0.010000000000     0.421052631579 
0.010000000000     0.473684210526 
0.010000000000     0.526315789474 
0.010000000000     0.578947368421 
0.010000000000     0.631578947368 
0.010000000000     0.684210526316 
0.010000000000     0.736842105263 
0.010000000000     0.789473684211 
0.010000000000     0.842105263158 
0.010000000000     0.894736842105 
0.010000000000     0.947368421053 
0.010000000000     1.000000000000 
0.014384498883     0.000000000000 
0.014384498883     0.052631578947 
0.014384498883     0.105263157895 
0.014384498883     0.157894736842 
0.014384498883     0.210526315789 
0.014384498883     0.263157894737 
0.014384498883     0.315789473684 
0.014384498883     0.368421052632 
0.014384498883     0.421052631579 
0.014384498883     0.473684210526 
0.014384498883     0.526315789474 
0.014384498883     0.578947368421 
0.014384498883     0.631578947368 
0.014384498883     0.684210526316 
0.014384498883     0.736842105263 
0.014384498883     0.789473684211 
0.014384498883     0.842105263158 
0.014384498883     0.894736842105 
0.014384498883     0.947368421053 
0.014384498883     1.000000000000 
0.020691380811     0.000000000000 
0.020691380811     0.052631578947 
0.020691380811     0.105263157895 
0.020691380811     0.157894736842 
0.020691380811     0.210526315789 
0.020691380811     0.263157894737 
0.020691380811     0.315789473684 
0.020691380811     0.368421052632 
0.020691380811     0.421052631579 
0.020691380811     0.473684210526 
0.020691380811     0.526315789474 
0.020691380811     0.578947368421 
0.020691380811     0.631578947368 
0.020691380811     0.684210526316 
0.020691380811     0.736842105263 
0.020691380811     0.789473684211 
0.020691380811     0.842105263158 
0.020691380811     0.894736842105 
0.020691380811     0.947368421053 
0.020691380811     1.000000000000 
0.029763514416     0.000000000000 
0.029763514416     0.052631578947 
0.029763514416     0.105263157895 
0.029763514416     0.157894736842 
0.029763514416     0.210526315789 
0.029763514416     0.263157894737 
0.029763514416     0.315789473684 
0.029763514416     0.368421052632 
0.029763514416     0.421052631579 
0.029763514416     0.473684210526 
0.029763514416     0.526315789474 
0.029763514416     0.578947368421 
0.029763514416     0.631578947368 
0.029763514416     0.684210526316 
0.029763514416     0.736842105263 
0.029763514416     0.789473684211 
0.029763514416     0.842105263158 
0.029763514416     0.894736842105 
0.029763514416     0.947368421053 
0.029763514416     1.000000000000 
0.042813323987     0.000000000000 
0.042813323987     0.052631578947 
0.042813323987     0.105263157895 
0.042813323987     0.157894736842 
0.042813323987     0.210526315789 
0.042813323987     0.263157894737 
0.042813323987     0.315789473684 
0.042813323987     0.368421052632 
0.042813323987     0.421052631579 
0.042813323987     0.473684210526 
0.042813323987     0.526315789474 
0.042813323987     0.578947368421 
0.042813323987     0.631578947368 
0.042813323987     0.684210526316 
0.042813323987     0.736842105263 
0.042813323987     0.789473684211 
0.042813323987     0.842105263158 
0.042813323987     0.894736842105 
0.042813323987     0.947368421053 
0.042813323987     1.000000000000 
0.061584821107     0.000000000000 
0.061584821107     0.052631578947 
0.061584821107     0.105263157895 
0.061584821107     0.157894736842 
0.061584821107     0.210526315789 
0.061584821107     0.263157894737 
0.061584821107     0.315789473684 
0.061584821107     0.368421052632 
0.061584821107     0.421052631579 
0.061584821107     0.473684210526 
0.061584821107     0.526315789474 
0.061584821107     0.578947368421 
0.061584821107     0.631578947368 
0.061584821107     0.684210526316 
0.061584821107     0.736842105263 
0.061584821107     0.789473684211 
0.061584821107     0.842105263158 
0.061584821107     0.894736842105 
0.061584821107     0.947368421053 
0.061584821107     1.000000000000 
0.088586679041     0.000000000000 
0.088586679041     0.052631578947 
0.088586679041     0.105263157895 
0.088586679041     0.157894736842 
0.088586679041     0.210526315789 
0.088586679041     0.263157894737 
0.088586679041     0.315789473684 
0.088586679041     0.368421052632 
0.088586679041     0.421052631579 
0.088586679041     0.473684210526 
0.088586679041     0.526315789474 
0.088586679041     0.578947368421 
0.088586679041     0.631578947368 
0.088586679041     0.684210526316 
0.088586679041     0.736842105263 
0.088586679041     0.789473684211 
0.088586679041     0.842105263158 
0.088586679041     0.894736842105 
0.088586679041     0.947368421053 
0.088586679041     1.000000000000 
0.127427498570     0.000000000000 
0.127427498570     0.052631578947 
0.127427498570     0.105263157895 
0.127427498570     0.157894736842 
0.127427498570     0.210526315789 
0.127427498570     0.263157894737 
0.127427498570     0.315789473684 
0.127427498570     0.368421052632 
0.127427498570     0.421052631579 
0.127427498570     0.473684210526 
0.127427498570     0.526315789474 
0.127427498570     0.578947368421 
0.127427498570     0.631578947368 
0.127427498570     0.684210526316 
0.127427498570     0.736842105263 
0.127427498570     0.789473684211 
0.127427498570     0.842105263158 
0.127427498570     0.894736842105 
0.127427498570     0.947368421053 
0.127427498570     1.000000000000 
0.183298071083     0.000000000000 
0.183298071083     0.052631578947 
0.183298071083     0.105263157895 
0.183298071083     0.157894736842 
0.183298071083     0.210526315789 
0.183298071083     0.263157894737 
0.183298071083     0.315789473684 
0.183298071083     0.368421052632 
0.183298071083     0.421052631579 
0.183298071083     0.473684210526 
0.183298071083     0.526315789474 
0.183298071083     0.578947368421 
0.183298071083     0.631578947368 
0.183298071083     0.684210526316 
0.183298071083     0.736842105263 
0.183298071083     0.789473684211 
0.183298071083     0.842105263158 
0.183298071083     0.894736842105 
0.183298071083     0.947368421053 
0.183298071083     1.000000000000 
0.263665089873     0.000000000000 
0.263665089873     0.052631578947 
0.263665089873     0.105263157895 
0.263665089873     0.157894736842 
0.263665089873     0.210526315789 
0.263665089873     0.263157894737 
0.263665089873     0.315789473684 
0.263665089873     0.368421052632 
0.263665089873     0.421052631579 
0.263665089873     0.473684210526 
0.263665089873     0.526315789474 
0.263665089873     0.578947368421 
0.263665089873     0.631578947368 
0.263665089873     0.684210526316 
0.263665089873     0.736842105263 
0.263665089873     0.789473684211 
0.263665089873     0.842105263158 
0.263665089873     0.894736842105 
0.263665089873     0.947368421053 
0.263665089873     1.000000000000 
0.379269019073     0.000000000000 
0.379269019073     0.052631578947 
0.379269019073     0.105263157895 
0.379269019073     0.157894736842 
0.379269019073     0.210526315789 
0.379269019073     0.263157894737 
0.379269019073     0.315789473684 
0.379269019073     0.368421052632 
0.379269019073     0.421052631579 
0.379269019073     0.473684210526 
0.379269019073     0.526315789474 
0.379269019073     0.578947368421 
0.379269019073     0.631578947368 
0.379269019073     0.684210526316 
0.379269019073     0.736842105263 
0.379269019073     0.789473684211 
0.379269019073     0.842105263158 
0.379269019073     0.894736842105 
0.379269019073     0.947368421053 
0.379269019073     1.000000000000 
0.545559478117     0.000000000000 
0.545559478117     0.052631578947 
0.545559478117     0.105263157895 
0.545559478117     0.157894736842 
0.545559478117     0.210526315789 
0.545559478117     0.263157894737 
0.545559478117     0.315789473684 
0.545559478117     0.368421052632 
0.545559478117     0.421052631579 
0.545559478117     0.473684210526 
0.545559478117     0.526315789474 
0.545559478117     0.578947368421 
0.545559478117     0.631578947368 
0.545559478117     0.684210526316 
0.545559478117     0.736842105263 
0.545559478117     0.789473684211 
0.545559478117     0.842105263158 
0.545559478117     0.894736842105 
0.545559478117     0.947368421053 
0.545559478117     1.000000000000 
0.784759970351     0.000000000000 
0.784759970351     0.052631578947 
0.784759970351     0.105263157895 
0.784759970351     0.157894736842 
0.784759970351     0.210526315789 
0.784759970351     0.263157894737 
0.784759970351     0.315789473684 
0.784759970351     0.368421052632 
0.784759970351     0.421052631579 
0.784759970351     0.473684210526 
0.784759970351     0.526315789474 
0.784759970351     0.578947368421 
0.784759970351     0.631578947368 
0.784759970351     0.684210526316 
0.784759970351     0.736842105263 
0.784759970351     0.789473684211 
0.784759970351     0.842105263158 
0.784759970351     0.894736842105 
0.784759970351     0.947368421053 
0.784759970351     1.000000000000 
1.128837891685     0.000000000000 
1.128837891685     0.052631578947 
1.128837891685     0.105263157895 
1.128837891685     0.157894736842 
1.128837891685     0.210526315789 
1.128837891685     0.263157894737 
1.128837891685     0.315789473684 
1.128837891685     0.368421052632 
1.128837891685     0.421052631579 
1.128837891685     0.473684210526 
1.128837891685     0.526315789474 
1.128837891685     0.578947368421 
1.128837891685     0.631578947368 
1.128837891685     0.684210526316 
1.128837891685     0.736842105263 
1.128837891685     0.789473684211 
1.128837891685     0.842105263158 
1.128837891685     0.894736842105 
1.128837891685     0.947368421053 
1.128837891685     1.000000000000 
1.623776739189     0.000000000000 
1.623776739189     0.052631578947 
1.623776739189     0.105263157895 
1.623776739189     0.157894736842 
1.623776739189     0.210526315789 
1.623776739189     0.263157894737 
1.623776739189     0.315789473684 
1.623776739189     0.368421052632 
1.623776739189     0.421052631579 
1.623776739189     0.473684210526 
1.623776739189     0.526315789474 
1.623776739189     0.578947368421 
1.623776739189     0.631578947368 
1.623776739189     0.684210526316 
1.623776739189     0.736842105263 
1.623776739189     0.789473684211 
1.623776739189     0.842105263158 
1.623776739189     0.894736842105 
1.623776739189     0.947368421053 
1.623776739189     1.000000000000 
2.335721469090     0.000000000000 
2.335721469090     0.052631578947 
2.335721469090     0.105263157895 
2.335721469090     0.157894736842 
2.335721469090     0.210526315789 
2.335721469090     0.263157894737 
2.335721469090     0.315789473684 
2.335721469090     0.368421052632 
2.335721469090     0.421052631579 
2.335721469090     0.473684210526 
2.335721469090     0.526315789474 
2.335721469090     0.578947368421 
2.335721469090     0.631578947368 
2.335721469090     0.684210526316 
2.335721469090     0.736842105263 
2.335721469090     0.789473684211 
2.335721469090     0.842105263158 
2.335721469090     0.894736842105 
2.335721469090     0.947368421053 
2.335721469090     1.000000000000 
3.359818286284     0.000000000000 
3.359818286284     0.052631578947 
3.359818286284     0.105263157895 
3.359818286284     0.157894736842 
3.359818286284     0.210526315789 
3.359818286284     0.263157894737 
3.359818286284     0.315789473684 
3.359818286284     0.368421052632 
3.359818286284     0.421052631579 
3.359818286284     0.473684210526 
3.359818286284     0.526315789474 
3.359818286284     0.578947368421 
3.359818286284     0.631578947368 
3.359818286284     0.684210526316 
3.359818286284     0.736842105263 
3.359818286284     0.789473684211 
3.359818286284     0.842105263158 
3.359818286284     0.894736842105 
3.359818286284     0.947368421053 
3.359818286284     1.000000000000 
4.832930238572     0.000000000000 
4.832930238572     0.052631578947 
4.832930238572     0.105263157895 
4.832930238572     0.157894736842 
4.832930238572     0.210526315789 
4.832930238572     0.263157894737 
4.832930238572     0.315789473684 
4.832930238572     0.368421052632 
4.832930238572     0.421052631579 
4.832930238572     0.473684210526 
4.832930238572     0.526315789474 
4.832930238572     0.578947368421 
4.832930238572     0.631578947368 
4.832930238572     0.684210526316 
4.832930238572     0.736842105263 
4.832930238572     0.789473684211 
4.832930238572     0.842105263158 
4.832930238572     0.894736842105 
4.832930238572     0.947368421053 
4.832930238572     1.000000000000 
6.951927961776     0.000000000000 
6.951927961776     0.052631578947 
6.951927961776     0.105263157895 
6.951927961776     0.157894736842 
6.951927961776     0.210526315789 
6.951927961776     0.263157894737 
6.951927961776     0.315789473684 
6.951927961776     0.368421052632 
6.951927961776     0.421052631579 
6.951927961776     0.473684210526 
6.951927961776     0.526315789474 
6.951927961776     0.578947368421 
6.951927961776     0.631578947368 
6.951927961776     0.684210526316 
6.951927961776     0.736842105263 
6.951927961776     0.789473684211 
6.951927961776     0.842105263158 
6.951927961776     0.894736842105 
6.951927961776     0.947368421053 
6.951927961776     1.000000000000 
10.000000000000     0.000000000000 
10.000000000000     0.052631578947 
10.000000000000     0.105263157895 
10.000000000000     0.157894736842 
10.000000000000     0.210526315789 
10.000000000000     0.263157894737 
10.000000000000     0.315789473684 
10.000000000000     0.368421052632 
10.000000000000     0.421052631579 
10.000000000000     0.473684210526 
10.000000000000     0.526315789474 
10.000000000000     0.578947368421 
10.000000000000     0.631578947368 
10.000000000000     0.684210526316 
10.000000000000     0.736842105263 
10.000000000000     0.789473684211 
10.000000000000     0.842105263158 
10.000000000000     0.894736842105 
10.000000000000     0.947368421053 
10.000000000000     1.000000000000