0 -0 -1 0 -1.01028
0.000488281 -0.000488281 -1 -0.000493299 -1.01028
0.000976562 -0.000976562 -0.999999 -0.000986599 -1.01028
0.00146484 -0.00146484 -0.999997 -0.0014799 -1.01028
0.00195312 -0.00195312 -0.999994 -0.0019732 -1.01028
0.00244141 -0.0024414 -0.999991 -0.0024665 -1.01028
0.00292969 -0.00292967 -0.999987 -0.0029598 -1.01028
0.00341797 -0.00341795 -0.999982 -0.0034531 -1.01028
0.00390625 -0.00390622 -0.999977 -0.00394639 -1.01028
0.00439453 -0.00439449 -0.999971 -0.00443969 -1.01028
0.00488281 -0.00488275 -0.999964 -0.00493299 -1.01028
0.00537109 -0.00537102 -0.999957 -0.00542629 -1.01028
0.00585938 -0.00585927 -0.999948 -0.00591959 -1.01028
0.00634766 -0.00634753 -0.999939 -0.00641289 -1.01028
0.00683594 -0.00683578 -0.999929 -0.00690619 -1.01028
0.00732422 -0.00732402 -0.999919 -0.00739949 -1.01028
0.0078125 -0.00781226 -0.999908 -0.00789279 -1.01028
0.00830078 -0.00830049 -0.999896 -0.00838609 -1.01028
0.00878906 -0.00878872 -0.999883 -0.00887939 -1.01028
0.00927734 -0.00927694 -0.99987 -0.00937269 -1.01028
0.00976562 -0.00976516 -0.999856 -0.00986599 -1.01028
0.0102539 -0.0102534 -0.999841 -0.0103593 -1.01028
0.0107422 -0.0107416 -0.999825 -0.0108526 -1.01028
0.0112305 -0.0112298 -0.999809 -0.0113459 -1.01028
0.0117188 -0.0117179 -0.999792 -0.0118392 -1.01028
0.012207 -0.0122061 -0.999774 -0.0123325 -1.01028
0.0126953 -0.0126943 -0.999755 -0.0128258 -1.01028
0.0131836 -0.0131824 -0.999736 -0.0133191 -1.01028
0.0136719 -0.0136706 -0.999716 -0.0138124 -1.01028
0.0141602 -0.0141587 -0.999695 -0.0143057 -1.01028
0.0146484 -0.0146469 -0.999674 -0.014799 -1.01028
0.0151367 -0.015135 -0.999652 -0.0152923 -1.01028
0.015625 -0.0156231 -0.999629 -0.0157856 -1.01028
0.0161133 -0.0161112 -0.999605 -0.0162789 -1.01028
0.0166016 -0.0165992 -0.99958 -0.0167722 -1.01028
0.0170898 -0.0170873 -0.999555 -0.0172655 -1.01028
0.0175781 -0.0175754 -0.999529 -0.0177588 -1.01028
0.0180664 -0.0180634 -0.999502 -0.0182521 -1.01028
0.0185547 -0.0185515 -0.999475 -0.0187454 -1.01028
0.019043 -0.0190395 -0.999447 -0.0192387 -1.01028
0.0195312 -0.0195275 -0.999418 -0.019732 -1.01028
0.0200195 -0.0200155 -0.999388 -0.0202253 -1.01028
0.0205078 -0.0205034 -0.999358 -0.0207186 -1.01028
0.0209961 -0.0209914 -0.999326 -0.0212119 -1.01028
0.0214844 -0.0214793 -0.999294 -0.0217052 -1.01028
0.0219727 -0.0219673 -0.999262 -0.0221985 -1.01028
0.0224609 -0.0224552 -0.999228 -0.0226918 -1.01028
0.0229492 -0.0229431 -0.999194 -0.0231851 -1.01028
0.0234375 -0.023431 -0.999159 -0.0236784 -1.01028
0.0239258 -0.0239188 -0.999123 -0.0241717 -1.01028
0.0244141 -0.0244067 -0.999086 -0.024665 -1.01028
0.0249023 -0.0248945 -0.999049 -0.0251583 -1.01028
0.0253906 -0.0253823 -0.999011 -0.0256516 -1.01028
0.0258789 -0.0258701 -0.998972 -0.0261449 -1.01028
0.0263672 -0.0263579 -0.998932 -0.0266382 -1.01028
0.0268555 -0.0268456 -0.998892 -0.0271315 -1.01028
0.0273438 -0.0273333 -0.998851 -0.0276248 -1.01028
0.027832 -0.027821 -0.998809 -0.0281181 -1.01028
0.0283203 -0.0283087 -0.998766 -0.0286114 -1.01028
0.0288086 -0.0287964 -0.998723 -0.0291047 -1.01028
0.0292969 -0.0292841 -0.998679 -0.029598 -1.01028
0.0297852 -0.0297717 -0.998634 -0.0300913 -1.01028
0.0302734 -0.0302593 -0.998588 -0.0305846 -1.01028
0.0307617 -0.0307469 -0.998541 -0.0310779 -1.01028
0.03125 -0.0312344 -0.998494 -0.0315712 -1.01028
0.0317383 -0.031722 -0.998446 -0.0320645 -1.01028
0.0322266 -0.0322095 -0.998397 -0.0325578 -1.01028
0.0327148 -0.032697 -0.998347 -0.0330511 -1.01028
0.0332031 -0.0331844 -0.998297 -0.0335444 -1.01028
0.0336914 -0.0336718 -0.998246 -0.0340377 -1.01028
0.0341797 -0.0341593 -0.998194 -0.034531 -1.01028
0.034668 -0.0346466 -0.998141 -0.0350243 -1.01028
0.0351562 -0.035134 -0.998087 -0.0355176 -1.01028
0.0356445 -0.0356213 -0.998033 -0.0360109 -1.01028
0.0361328 -0.0361086 -0.997978 -0.0365042 -1.01028
0.0366211 -0.0365959 -0.997922 -0.0369975 -1.01028
0.0371094 -0.0370832 -0.997865 -0.0374908 -1.01028
0.0375977 -0.0375704 -0.997807 -0.037984 -1.01028
0.0380859 -0.0380576 -0.997749 -0.0384773 -1.01028
0.0385742 -0.0385448 -0.99769 -0.0389706 -1.01028
0.0390625 -0.0390319 -0.99763 -0.0394639 -1.01028
0.0395508 -0.039519 -0.99757 -0.0399572 -1.01028
0.0400391 -0.0400061 -0.997508 -0.0404505 -1.01028
0.0405273 -0.0404931 -0.997446 -0.0409438 -1.01028
0.0410156 -0.0409802 -0.997383 -0.0414371 -1.01028
0.0415039 -0.0414672 -0.997319 -0.0419304 -1.01028
0.0419922 -0.0419541 -0.997254 -0.0424237 -1.01028
0.0424805 -0.042441 -0.997189 -0.042917 -1.01028
0.0429688 -0.0429279 -0.997123 -0.0434103 -1.01028
0.043457 -0.0434148 -0.997056 -0.0439036 -1.01028
0.0439453 -0.0439016 -0.996988 -0.0443969 -1.01028
0.0444336 -0.0443884 -0.996919 -0.0448902 -1.01028
0.0449219 -0.0448752 -0.99685 -0.0453835 -1.01028
0.0454102 -0.0453619 -0.996779 -0.0458768 -1.01028
0.0458984 -0.0458486 -0.996708 -0.0463701 -1.01028
0.0463867 -0.0463352 -0.996636 -0.0468634 -1.01028
0.046875 -0.0468219 -0.996564 -0.0473567 -1.01028
0.0473633 -0.0473084 -0.99649 -0.04785 -1.01028
0.0478516 -0.047795 -0.996416 -0.0483433 -1.01028
0.0483398 -0.0482815 -0.996341 -0.0488366 -1.01028
0.0488281 -0.048768 -0.996265 -0.0493299 -1.01028
0.0493164 -0.0492544 -0.996188 -0.0498232 -1.01028
0.0498047 -0.0497408 -0.996111 -0.0503165 -1.01028
0.050293 -0.0502272 -0.996032 -0.0508098 -1.01028
0.0507812 -0.0507135 -0.995953 -0.0513031 -1.01028
0.0512695 -0.0511998 -0.995873 -0.0517964 -1.01028
0.0517578 -0.051686 -0.995792 -0.0522897 -1.01028
0.0522461 -0.0521723 -0.995711 -0.052783 -1.01028
0.0527344 -0.0526584 -0.995628 -0.0532763 -1.01028
0.0532227 -0.0531445 -0.995545 -0.0537696 -1.01028
0.0537109 -0.0536306 -0.995461 -0.0542629 -1.01028
0.0541992 -0.0541167 -0.995376 -0.0547562 -1.01028
0.0546875 -0.0546027 -0.99529 -0.0552495 -1.01028
0.0551758 -0.0550886 -0.995204 -0.0557428 -1.01028
0.0556641 -0.0555746 -0.995116 -0.0562361 -1.01028
0.0561523 -0.0560604 -0.995028 -0.0567294 -1.01028
0.0566406 -0.0565463 -0.994939 -0.0572227 -1.01028
0.0571289 -0.0570321 -0.994849 -0.057716 -1.01028
0.0576172 -0.0575178 -0.994758 -0.0582093 -1.01028
0.0581055 -0.0580035 -0.994667 -0.0587026 -1.01028
0.0585938 -0.0584892 -0.994574 -0.0591959 -1.01028
0.059082 -0.0589748 -0.994481 -0.0596892 -1.01028
0.0595703 -0.0594603 -0.994387 -0.0601825 -1.01028
0.0600586 -0.0599458 -0.994292 -0.0606758 -1.01028
0.0605469 -0.0604313 -0.994197 -0.0611691 -1.01028
0.0610352 -0.0609167 -0.9941 -0.0616624 -1.01028
0.0615234 -0.0614021 -0.994003 -0.0621557 -1.01028
0.0620117 -0.0618874 -0.993904 -0.062649 -1.01028
0.0625 -0.0623727 -0.993805 -0.0631423 -1.01028
0.0629883 -0.062858 -0.993705 -0.0636356 -1.01028
0.0634766 -0.0633431 -0.993605 -0.0641289 -1.01028
0.0639648 -0.0638283 -0.993503 -0.0646222 -1.01028
0.0644531 -0.0643134 -0.993401 -0.0651155 -1.01028
0.0649414 -0.0647984 -0.993297 -0.0656088 -1.01028
0.0654297 -0.0652834 -0.993193 -0.0661021 -1.01028
0.065918 -0.0657683 -0.993088 -0.0665954 -1.01028
0.0664062 -0.0662532 -0.992982 -0.0670887 -1.01028
0.0668945 -0.066738 -0.992876 -0.067582 -1.01028
0.0673828 -0.0672228 -0.992768 -0.0680753 -1.01028
0.0678711 -0.0677075 -0.99266 -0.0685686 -1.01028
0.0683594 -0.0681922 -0.992551 -0.0690619 -1.01028
0.0688477 -0.0686768 -0.992441 -0.0695552 -1.01028
0.0693359 -0.0691614 -0.99233 -0.0700485 -1.01028
0.0698242 -0.0696459 -0.992218 -0.0705418 -1.01028
0.0703125 -0.0701303 -0.992105 -0.0710351 -1.01028
0.0708008 -0.0706147 -0.991992 -0.0715284 -1.01028
0.0712891 -0.0710991 -0.991877 -0.0720217 -1.01028
0.0717773 -0.0715834 -0.991762 -0.072515 -1.01028
0.0722656 -0.0720676 -0.991646 -0.0730083 -1.01028
0.0727539 -0.0725518 -0.991529 -0.0735016 -1.01028
0.0732422 -0.0730359 -0.991411 -0.0739949 -1.01028
0.0737305 -0.0735199 -0.991292 -0.0744882 -1.01028
0.0742188 -0.0740039 -0.991173 -0.0749815 -1.01028
0.074707 -0.0744879 -0.991052 -0.0754748 -1.01028
0.0751953 -0.0749718 -0.990931 -0.0759681 -1.01028
0.0756836 -0.0754556 -0.990809 -0.0764614 -1.01028
0.0761719 -0.0759393 -0.990686 -0.0769547 -1.01028
0.0766602 -0.076423 -0.990562 -0.077448 -1.01028
0.0771484 -0.0769067 -0.990437 -0.0779413 -1.01028
0.0776367 -0.0773903 -0.990312 -0.0784346 -1.01028
0.078125 -0.0778738 -0.990185 -0.0789279 -1.01028
0.0786133 -0.0783573 -0.990058 -0.0794212 -1.01028
0.0791016 -0.0788406 -0.989929 -0.0799145 -1.01028
0.0795898 -0.079324 -0.9898 -0.0804078 -1.01028
0.0800781 -0.0798072 -0.98967 -0.0809011 -1.01028
0.0805664 -0.0802905 -0.989539 -0.0813944 -1.01028
0.0810547 -0.0807736 -0.989407 -0.0818877 -1.01028
0.081543 -0.0812567 -0.989275 -0.082381 -1.01028
0.0820312 -0.0817397 -0.989141 -0.0828743 -1.01028
0.0825195 -0.0822226 -0.989007 -0.0833676 -1.01028
0.0830078 -0.0827055 -0.988871 -0.0838609 -1.01028
0.0834961 -0.0831883 -0.988735 -0.0843542 -1.01028
0.0839844 -0.0836711 -0.988598 -0.0848475 -1.01028
0.0844727 -0.0841538 -0.98846 -0.0853408 -1.01028
0.0849609 -0.0846364 -0.988321 -0.0858341 -1.01028
0.0854492 -0.0851189 -0.988182 -0.0863274 -1.01028
0.0859375 -0.0856014 -0.988041 -0.0868207 -1.01028
0.0864258 -0.0860838 -0.987899 -0.087314 -1.01028
0.0869141 -0.0865661 -0.987757 -0.0878073 -1.01028
0.0874023 -0.0870484 -0.987613 -0.0883006 -1.01028
0.0878906 -0.0875306 -0.987469 -0.0887939 -1.01028
0.0883789 -0.0880127 -0.987324 -0.0892872 -1.01028
0.0888672 -0.0884948 -0.987178 -0.0897805 -1.01028
0.0893555 -0.0889768 -0.987031 -0.0902738 -1.01028
0.0898438 -0.0894587 -0.986883 -0.0907671 -1.01028
0.090332 -0.0899405 -0.986735 -0.0912604 -1.01028
0.0908203 -0.0904223 -0.986585 -0.0917537 -1.01028
0.0913086 -0.090904 -0.986434 -0.092247 -1.01028
0.0917969 -0.0913856 -0.986283 -0.0927403 -1.01028
0.0922852 -0.0918671 -0.986131 -0.0932336 -1.01028
0.0927734 -0.0923486 -0.985977 -0.0937269 -1.01028
0.0932617 -0.09283 -0.985823 -0.0942202 -1.01028
0.09375 -0.0933113 -0.985668 -0.0947135 -1.01028
0.0942383 -0.0937926 -0.985512 -0.0952068 -1.01028
0.0947266 -0.0942737 -0.985355 -0.0957001 -1.01028
0.0952148 -0.0947548 -0.985197 -0.0961934 -1.01028
0.0957031 -0.0952359 -0.985039 -0.0966867 -1.01028
0.0961914 -0.0957168 -0.984879 -0.09718 -1.01028
0.0966797 -0.0961977 -0.984718 -0.0976733 -1.01028
0.097168 -0.0966784 -0.984557 -0.0981666 -1.01028
0.0976562 -0.0971591 -0.984394 -0.0986599 -1.01028
0.0981445 -0.0976398 -0.984231 -0.0991532 -1.01028
0.0986328 -0.0981203 -0.984067 -0.0996465 -1.01028
0.0991211 -0.0986008 -0.983902 -0.10014 -1.01028
0.0996094 -0.0990811 -0.983736 -0.100633 -1.01028
0.100098 -0.0995614 -0.983569 -0.101126 -1.01028
0.100586 -0.100042 -0.983401 -0.10162 -1.01028
0.101074 -0.100522 -0.983232 -0.102113 -1.01028
0.101562 -0.101002 -0.983062 -0.102606 -1.01028
0.102051 -0.101482 -0.982891 -0.1031 -1.01028
0.102539 -0.101962 -0.98272 -0.103593 -1.01028
0.103027 -0.102441 -0.982547 -0.104086 -1.01028
0.103516 -0.102921 -0.982374 -0.104579 -1.01028
0.104004 -0.103401 -0.982199 -0.105073 -1.01028
0.104492 -0.10388 -0.982024 -0.105566 -1.01028
0.10498 -0.10436 -0.981847 -0.106059 -1.01028
0.105469 -0.104839 -0.98167 -0.106553 -1.01028
0.105957 -0.105319 -0.981492 -0.107046 -1.01028
0.106445 -0.105798 -0.981313 -0.107539 -1.01028
0.106934 -0.106277 -0.981133 -0.108033 -1.01028
0.107422 -0.106756 -0.980952 -0.108526 -1.01028
0.10791 -0.107235 -0.98077 -0.109019 -1.01028
0.108398 -0.107714 -0.980587 -0.109512 -1.01028
0.108887 -0.108192 -0.980403 -0.110006 -1.01028
0.109375 -0.108671 -0.980218 -0.110499 -1.01028
0.109863 -0.10915 -0.980033 -0.110992 -1.01028
0.110352 -0.109628 -0.979846 -0.111486 -1.01028
0.11084 -0.110107 -0.979658 -0.111979 -1.01028
0.111328 -0.110585 -0.97947 -0.112472 -1.01028
0.111816 -0.111063 -0.97928 -0.112966 -1.01028
0.112305 -0.111541 -0.97909 -0.113459 -1.01028
0.112793 -0.112019 -0.978898 -0.113952 -1.01028
0.113281 -0.112497 -0.978706 -0.114445 -1.01028
0.11377 -0.112975 -0.978513 -0.114939 -1.01028
0.114258 -0.113453 -0.978318 -0.115432 -1.01028
0.114746 -0.11393 -0.978123 -0.115925 -1.01028
0.115234 -0.114408 -0.977927 -0.116419 -1.01028
0.115723 -0.114885 -0.97773 -0.116912 -1.01028
0.116211 -0.115363 -0.977532 -0.117405 -1.01028
0.116699 -0.11584 -0.977333 -0.117899 -1.01028
0.117188 -0.116317 -0.977132 -0.118392 -1.01028
0.117676 -0.116794 -0.976931 -0.118885 -1.01028
0.118164 -0.117271 -0.976729 -0.119378 -1.01028
0.118652 -0.117748 -0.976526 -0.119872 -1.01028
0.119141 -0.118225 -0.976323 -0.120365 -1.01028
0.119629 -0.118701 -0.976118 -0.120858 -1.01028
0.120117 -0.119178 -0.975912 -0.121352 -1.01028
0.120605 -0.119655 -0.975705 -0.121845 -1.01028
0.121094 -0.120131 -0.975497 -0.122338 -1.01028
0.121582 -0.120607 -0.975288 -0.122832 -1.01028
0.12207 -0.121083 -0.975079 -0.123325 -1.01028
0.122559 -0.121559 -0.974868 -0.123818 -1.01028
0.123047 -0.122035 -0.974656 -0.124311 -1.01028
0.123535 -0.122511 -0.974443 -0.124805 -1.01028
0.124023 -0.122987 -0.97423 -0.125298 -1.01028
0.124512 -0.123463 -0.974015 -0.125791 -1.01028
0.125 -0.123938 -0.973799 -0.126285 -0.94159
0.125488 -0.124414 -0.973583 -0.126744 -0.94159
0.125977 -0.124889 -0.973365 -0.127204 -0.94159
0.126465 -0.125364 -0.973147 -0.127664 -0.94159
0.126953 -0.125839 -0.972927 -0.128124 -0.94159
0.127441 -0.126314 -0.972706 -0.128583 -0.94159
0.12793 -0.126789 -0.972485 -0.129043 -0.94159
0.128418 -0.127264 -0.972262 -0.129503 -0.94159
0.128906 -0.127739 -0.972039 -0.129963 -0.94159
0.129395 -0.128213 -0.971814 -0.130422 -0.94159
0.129883 -0.128688 -0.971589 -0.130882 -0.94159
0.130371 -0.129162 -0.971362 -0.131342 -0.94159
0.130859 -0.129636 -0.971135 -0.131802 -0.94159
0.131348 -0.13011 -0.970906 -0.132262 -0.94159
0.131836 -0.130584 -0.970677 -0.132721 -0.94159
0.132324 -0.131058 -0.970446 -0.133181 -0.94159
0.132812 -0.131532 -0.970215 -0.133641 -0.94159
0.133301 -0.132006 -0.969982 -0.134101 -0.94159
0.133789 -0.132479 -0.969749 -0.13456 -0.94159
0.134277 -0.132953 -0.969514 -0.13502 -0.94159
0.134766 -0.133426 -0.969279 -0.13548 -0.94159
0.135254 -0.133899 -0.969042 -0.13594 -0.94159
0.135742 -0.134372 -0.968804 -0.136399 -0.94159
0.13623 -0.134845 -0.968566 -0.136859 -0.94159
0.136719 -0.135318 -0.968326 -0.137319 -0.94159
0.137207 -0.135791 -0.968086 -0.137779 -0.94159
0.137695 -0.136264 -0.967844 -0.138238 -0.94159
0.138184 -0.136736 -0.967602 -0.138698 -0.94159
0.138672 -0.137209 -0.967358 -0.139158 -0.94159
0.13916 -0.137681 -0.967113 -0.139618 -0.94159
0.139648 -0.138153 -0.966868 -0.140077 -0.94159
0.140137 -0.138625 -0.966621 -0.140537 -0.94159
0.140625 -0.139097 -0.966373 -0.140997 -0.94159
0.141113 -0.139569 -0.966125 -0.141457 -0.94159
0.141602 -0.140041 -0.965875 -0.141917 -0.94159
0.14209 -0.140512 -0.965624 -0.142376 -0.94159
0.142578 -0.140984 -0.965372 -0.142836 -0.94159
0.143066 -0.141455 -0.965119 -0.143296 -0.94159
0.143555 -0.141926 -0.964866 -0.143756 -0.94159
0.144043 -0.142397 -0.964611 -0.144215 -0.94159
0.144531 -0.142868 -0.964355 -0.144675 -0.94159
0.14502 -0.143339 -0.964098 -0.145135 -0.94159
0.145508 -0.14381 -0.96384 -0.145595 -0.94159
0.145996 -0.14428 -0.963581 -0.146054 -0.94159
0.146484 -0.144751 -0.963321 -0.146514 -0.94159
0.146973 -0.145221 -0.96306 -0.146974 -0.94159
0.147461 -0.145691 -0.962798 -0.147434 -0.94159
0.147949 -0.146161 -0.962534 -0.147893 -0.94159
0.148438 -0.146631 -0.96227 -0.148353 -0.94159
0.148926 -0.147101 -0.962005 -0.148813 -0.94159
0.149414 -0.14757 -0.961739 -0.149273 -0.94159
0.149902 -0.14804 -0.961471 -0.149732 -0.94159
0.150391 -0.148509 -0.961203 -0.150192 -0.94159
0.150879 -0.148979 -0.960934 -0.150652 -0.94159
0.151367 -0.149448 -0.960663 -0.151112 -0.94159
0.151855 -0.149917 -0.960392 -0.151571 -0.94159
0.152344 -0.150386 -0.960119 -0.152031 -0.94159
0.152832 -0.150854 -0.959846 -0.152491 -0.94159
0.15332 -0.151323 -0.959571 -0.152951 -0.94159
0.153809 -0.151791 -0.959295 -0.153411 -0.94159
0.154297 -0.15226 -0.959018 -0.15387 -0.94159
0.154785 -0.152728 -0.958741 -0.15433 -0.94159
0.155273 -0.153196 -0.958462 -0.15479 -0.94159
0.155762 -0.153664 -0.958182 -0.15525 -0.94159
0.15625 -0.154132 -0.957901 -0.155709 -0.94159
0.156738 -0.154599 -0.957619 -0.156169 -0.94159
0.157227 -0.155067 -0.957336 -0.156629 -0.94159
0.157715 -0.155534 -0.957051 -0.157089 -0.94159
0.158203 -0.156002 -0.956766 -0.157548 -0.94159
0.158691 -0.156469 -0.95648 -0.158008 -0.94159
0.15918 -0.156936 -0.956192 -0.158468 -0.94159
0.159668 -0.157403 -0.955904 -0.158928 -0.94159
0.160156 -0.157869 -0.955614 -0.159387 -0.94159
0.160645 -0.158336 -0.955324 -0.159847 -0.94159
0.161133 -0.158802 -0.955032 -0.160307 -0.94159
0.161621 -0.159268 -0.95474 -0.160767 -0.94159
0.162109 -0.159734 -0.954446 -0.161226 -0.94159
0.162598 -0.1602 -0.954151 -0.161686 -0.94159
0.163086 -0.160666 -0.953855 -0.162146 -0.94159
0.163574 -0.161132 -0.953558 -0.162606 -0.94159
0.164062 -0.161597 -0.95326 -0.163066 -0.94159
0.164551 -0.162063 -0.95296 -0.163525 -0.94159
0.165039 -0.162528 -0.95266 -0.163985 -0.94159
0.165527 -0.162993 -0.952359 -0.164445 -0.94159
0.166016 -0.163458 -0.952056 -0.164905 -0.94159
0.166504 -0.163923 -0.951753 -0.165364 -0.94159
0.166992 -0.164388 -0.951448 -0.165824 -0.94159
0.16748 -0.164852 -0.951143 -0.166284 -0.94159
0.167969 -0.165316 -0.950836 -0.166744 -0.94159
0.168457 -0.165781 -0.950528 -0.167203 -0.94159
0.168945 -0.166245 -0.950219 -0.167663 -0.94159
0.169434 -0.166709 -0.949909 -0.168123 -0.94159
0.169922 -0.167172 -0.949598 -0.168583 -0.94159
0.17041 -0.167636 -0.949285 -0.169042 -0.94159
0.170898 -0.168099 -0.948972 -0.169502 -0.94159
0.171387 -0.168563 -0.948658 -0.169962 -0.94159
0.171875 -0.169026 -0.948342 -0.170422 -0.94159
0.172363 -0.169489 -0.948025 -0.170881 -0.94159
0.172852 -0.169952 -0.947708 -0.171341 -0.94159
0.17334 -0.170414 -0.947389 -0.171801 -0.94159
0.173828 -0.170877 -0.947069 -0.172261 -0.94159
0.174316 -0.171339 -0.946748 -0.17272 -0.94159
0.174805 -0.171801 -0.946425 -0.17318 -0.94159
0.175293 -0.172263 -0.946102 -0.17364 -0.94159
0.175781 -0.172725 -0.945778 -0.1741 -0.94159
0.17627 -0.173187 -0.945452 -0.17456 -0.94159
0.176758 -0.173649 -0.945126 -0.175019 -0.94159
0.177246 -0.17411 -0.944798 -0.175479 -0.94159
0.177734 -0.174571 -0.944469 -0.175939 -0.94159
0.178223 -0.175032 -0.944139 -0.176399 -0.94159
0.178711 -0.175493 -0.943808 -0.176858 -0.94159
0.179199 -0.175954 -0.943476 -0.177318 -0.94159
0.179688 -0.176415 -0.943142 -0.177778 -0.94159
0.180176 -0.176875 -0.942808 -0.178238 -0.94159
0.180664 -0.177335 -0.942472 -0.178697 -0.94159
0.181152 -0.177795 -0.942136 -0.179157 -0.94159
0.181641 -0.178255 -0.941798 -0.179617 -0.94159
0.182129 -0.178715 -0.941459 -0.180077 -0.94159
0.182617 -0.179175 -0.941119 -0.180536 -0.94159
0.183105 -0.179634 -0.940778 -0.180996 -0.94159
0.183594 -0.180093 -0.940435 -0.181456 -0.94159
0.184082 -0.180553 -0.940092 -0.181916 -0.94159
0.18457 -0.181012 -0.939747 -0.182375 -0.94159
0.185059 -0.18147 -0.939401 -0.182835 -0.94159
0.185547 -0.181929 -0.939054 -0.183295 -0.94159
0.186035 -0.182387 -0.938706 -0.183755 -0.94159
0.186523 -0.182846 -0.938357 -0.184215 -0.94159
0.187012 -0.183304 -0.938007 -0.184674 -0.94159
0.1875 -0.183762 -0.937656 -0.185134 -0.94159
0.187988 -0.184219 -0.937303 -0.185594 -0.94159
0.188477 -0.184677 -0.936949 -0.186054 -0.94159
0.188965 -0.185134 -0.936594 -0.186513 -0.94159
0.189453 -0.185592 -0.936238 -0.186973 -0.94159
0.189941 -0.186049 -0.935881 -0.187433 -0.94159
0.19043 -0.186506 -0.935523 -0.187893 -0.94159
0.190918 -0.186962 -0.935163 -0.188352 -0.94159
0.191406 -0.187419 -0.934803 -0.188812 -0.94159
0.191895 -0.187875 -0.934441 -0.189272 -0.94159
0.192383 -0.188331 -0.934078 -0.189732 -0.94159
0.192871 -0.188787 -0.933714 -0.190191 -0.94159
0.193359 -0.189243 -0.933349 -0.190651 -0.94159
0.193848 -0.189699 -0.932982 -0.191111 -0.94159
0.194336 -0.190154 -0.932615 -0.191571 -0.94159
0.194824 -0.19061 -0.932246 -0.19203 -0.94159
0.195312 -0.191065 -0.931876 -0.19249 -0.94159
0.195801 -0.19152 -0.931505 -0.19295 -0.94159
0.196289 -0.191974 -0.931133 -0.19341 -0.94159
0.196777 -0.192429 -0.93076 -0.193869 -0.94159
0.197266 -0.192883 -0.930385 -0.194329 -0.94159
0.197754 -0.193338 -0.930009 -0.194789 -0.94159
0.198242 -0.193792 -0.929633 -0.195249 -0.94159
0.19873 -0.194245 -0.929255 -0.195709 -0.94159
0.199219 -0.194699 -0.928875 -0.196168 -0.94159
0.199707 -0.195152 -0.928495 -0.196628 -0.94159
0.200195 -0.195606 -0.928113 -0.197088 -0.94159
0.200684 -0.196059 -0.927731 -0.197548 -0.94159
0.201172 -0.196512 -0.927347 -0.198007 -0.94159
0.20166 -0.196964 -0.926962 -0.198467 -0.94159
0.202148 -0.197417 -0.926575 -0.198927 -0.94159
0.202637 -0.197869 -0.926188 -0.199387 -0.94159
0.203125 -0.198321 -0.925799 -0.199846 -0.94159
0.203613 -0.198773 -0.925409 -0.200306 -0.94159
0.204102 -0.199225 -0.925018 -0.200766 -0.94159
0.20459 -0.199677 -0.924626 -0.201226 -0.94159
0.205078 -0.200128 -0.924233 -0.201685 -0.94159
0.205566 -0.200579 -0.923838 -0.202145 -0.94159
0.206055 -0.20103 -0.923442 -0.202605 -0.94159
0.206543 -0.201481 -0.923045 -0.203065 -0.94159
0.207031 -0.201932 -0.922647 -0.203524 -0.94159
0.20752 -0.202382 -0.922248 -0.203984 -0.94159
0.208008 -0.202832 -0.921847 -0.204444 -0.94159
0.208496 -0.203282 -0.921445 -0.204904 -0.94159
0.208984 -0.203732 -0.921042 -0.205364 -0.94159
0.209473 -0.204182 -0.920638 -0.205823 -0.94159
0.209961 -0.204631 -0.920233 -0.206283 -0.94159
0.210449 -0.20508 -0.919826 -0.206743 -0.94159
0.210938 -0.20553 -0.919419 -0.207203 -0.94159
0.211426 -0.205978 -0.91901 -0.207662 -0.94159
0.211914 -0.206427 -0.918599 -0.208122 -0.94159
0.212402 -0.206875 -0.918188 -0.208582 -0.94159
0.212891 -0.207324 -0.917775 -0.209042 -0.94159
0.213379 -0.207772 -0.917362 -0.209501 -0.94159
0.213867 -0.20822 -0.916947 -0.209961 -0.94159
0.214355 -0.208667 -0.91653 -0.210421 -0.94159
0.214844 -0.209115 -0.916113 -0.210881 -0.94159
0.215332 -0.209562 -0.915694 -0.21134 -0.94159
0.21582 -0.210009 -0.915274 -0.2118 -0.94159
0.216309 -0.210456 -0.914853 -0.21226 -0.94159
0.216797 -0.210902 -0.914431 -0.21272 -0.94159
0.217285 -0.211349 -0.914007 -0.213179 -0.94159
0.217773 -0.211795 -0.913582 -0.213639 -0.94159
0.218262 -0.212241 -0.913156 -0.214099 -0.94159
0.21875 -0.212687 -0.912729 -0.214559 -0.94159
0.219238 -0.213132 -0.912301 -0.215018 -0.94159
0.219727 -0.213577 -0.911871 -0.215478 -0.94159
0.220215 -0.214023 -0.91144 -0.215938 -0.94159
0.220703 -0.214468 -0.911008 -0.216398 -0.94159
0.221191 -0.214912 -0.910574 -0.216858 -0.94159
0.22168 -0.215357 -0.91014 -0.217317 -0.94159
0.222168 -0.215801 -0.909704 -0.217777 -0.94159
0.222656 -0.216245 -0.909267 -0.218237 -0.94159
0.223145 -0.216689 -0.908828 -0.218697 -0.94159
0.223633 -0.217133 -0.908389 -0.219156 -0.94159
0.224121 -0.217576 -0.907948 -0.219616 -0.94159
0.224609 -0.218019 -0.907506 -0.220076 -0.94159
0.225098 -0.218462 -0.907063 -0.220536 -0.94159
0.225586 -0.218905 -0.906618 -0.220995 -0.94159
0.226074 -0.219348 -0.906172 -0.221455 -0.94159
0.226562 -0.21979 -0.905725 -0.221915 -0.94159
0.227051 -0.220232 -0.905277 -0.222375 -0.94159
0.227539 -0.220674 -0.904827 -0.222834 -0.94159
0.228027 -0.221116 -0.904376 -0.223294 -0.94159
0.228516 -0.221557 -0.903924 -0.223754 -0.94159
0.229004 -0.221999 -0.903471 -0.224214 -0.94159
0.229492 -0.22244 -0.903016 -0.224673 -0.94159
0.22998 -0.22288 -0.90256 -0.225133 -0.94159
0.230469 -0.223321 -0.902103 -0.225593 -0.94159
0.230957 -0.223761 -0.901645 -0.226053 -0.94159
0.231445 -0.224202 -0.901185 -0.226513 -0.94159
0.231934 -0.224641 -0.900724 -0.226972 -0.94159
0.232422 -0.225081 -0.900262 -0.227432 -0.94159
0.23291 -0.225521 -0.899799 -0.227892 -0.94159
0.233398 -0.22596 -0.899334 -0.228352 -0.94159
0.233887 -0.226399 -0.898868 -0.228811 -0.94159
0.234375 -0.226838 -0.898401 -0.229271 -0.94159
0.234863 -0.227276 -0.897932 -0.229731 -0.94159
0.235352 -0.227715 -0.897462 -0.230191 -0.94159
0.23584 -0.228153 -0.896991 -0.23065 -0.94159
0.236328 -0.228591 -0.896519 -0.23111 -0.94159
0.236816 -0.229028 -0.896045 -0.23157 -0.94159
0.237305 -0.229466 -0.89557 -0.23203 -0.94159
0.237793 -0.229903 -0.895094 -0.232489 -0.94159
0.238281 -0.23034 -0.894616 -0.232949 -0.94159
0.23877 -0.230776 -0.894138 -0.233409 -0.94159
0.239258 -0.231213 -0.893658 -0.233869 -0.94159
0.239746 -0.231649 -0.893176 -0.234328 -0.94159
0.240234 -0.232085 -0.892694 -0.234788 -0.94159
0.240723 -0.232521 -0.89221 -0.235248 -0.94159
0.241211 -0.232956 -0.891724 -0.235708 -0.94159
0.241699 -0.233392 -0.891238 -0.236167 -0.94159
0.242188 -0.233827 -0.89075 -0.236627 -0.94159
0.242676 -0.234262 -0.890261 -0.237087 -0.94159
0.243164 -0.234696 -0.88977 -0.237547 -0.94159
0.243652 -0.23513 -0.889279 -0.238007 -0.94159
0.244141 -0.235565 -0.888786 -0.238466 -0.94159
0.244629 -0.235998 -0.888291 -0.238926 -0.94159
0.245117 -0.236432 -0.887796 -0.239386 -0.94159
0.245605 -0.236865 -0.887299 -0.239846 -0.94159
0.246094 -0.237299 -0.886801 -0.240305 -0.94159
0.246582 -0.237731 -0.886301 -0.240765 -0.94159
0.24707 -0.238164 -0.8858 -0.241225 -0.94159
0.247559 -0.238596 -0.885298 -0.241685 -0.94159
0.248047 -0.239029 -0.884795 -0.242144 -0.94159
0.248535 -0.239461 -0.88429 -0.242604 -0.94159
0.249023 -0.239892 -0.883784 -0.243064 -0.94159
0.249512 -0.240324 -0.883276 -0.243524 -0.94159
0.25 -0.240755 -0.882767 -0.243983 -0.692972
0.250488 -0.241186 -0.882257 -0.244322 -0.692972
0.250977 -0.241616 -0.881746 -0.24466 -0.692972
0.251465 -0.242047 -0.881233 -0.244999 -0.692972
0.251953 -0.242477 -0.880719 -0.245337 -0.692972
0.252441 -0.242907 -0.880204 -0.245675 -0.692972
0.25293 -0.243336 -0.879687 -0.246014 -0.692972
0.253418 -0.243766 -0.879169 -0.246352 -0.692972
0.253906 -0.244195 -0.87865 -0.24669 -0.692972
0.254395 -0.244624 -0.878129 -0.247029 -0.692972
0.254883 -0.245053 -0.877607 -0.247367 -0.692972
0.255371 -0.245481 -0.877084 -0.247705 -0.692972
0.255859 -0.245909 -0.876559 -0.248044 -0.692972
0.256348 -0.246337 -0.876033 -0.248382 -0.692972
0.256836 -0.246765 -0.875506 -0.248721 -0.692972
0.257324 -0.247192 -0.874977 -0.249059 -0.692972
0.257812 -0.247619 -0.874447 -0.249397 -0.692972
0.258301 -0.248046 -0.873916 -0.249736 -0.692972
0.258789 -0.248473 -0.873383 -0.250074 -0.692972
0.259277 -0.248899 -0.872849 -0.250412 -0.692972
0.259766 -0.249325 -0.872313 -0.250751 -0.692972
0.260254 -0.249751 -0.871776 -0.251089 -0.692972
0.260742 -0.250176 -0.871238 -0.251427 -0.692972
0.26123 -0.250602 -0.870699 -0.251766 -0.692972
0.261719 -0.251027 -0.870158 -0.252104 -0.692972
0.262207 -0.251451 -0.869616 -0.252443 -0.692972
0.262695 -0.251876 -0.869072 -0.252781 -0.692972
0.263184 -0.2523 -0.868527 -0.253119 -0.692972
0.263672 -0.252724 -0.867981 -0.253458 -0.692972
0.26416 -0.253148 -0.867433 -0.253796 -0.692972
0.264648 -0.253571 -0.866884 -0.254134 -0.692972
0.265137 -0.253994 -0.866334 -0.254473 -0.692972
0.265625 -0.254417 -0.865782 -0.254811 -0.692972
0.266113 -0.25484 -0.865229 -0.255149 -0.692972
0.266602 -0.255262 -0.864675 -0.255488 -0.692972
0.26709 -0.255684 -0.864119 -0.255826 -0.692972
0.267578 -0.256106 -0.863562 -0.256165 -0.692972
0.268066 -0.256527 -0.863003 -0.256503 -0.692972
0.268555 -0.256949 -0.862443 -0.256841 -0.692972
0.269043 -0.25737 -0.861882 -0.25718 -0.692972
0.269531 -0.25779 -0.861319 -0.257518 -0.692972
0.27002 -0.258211 -0.860755 -0.257856 -0.692972
0.270508 -0.258631 -0.86019 -0.258195 -0.692972
0.270996 -0.259051 -0.859623 -0.258533 -0.692972
0.271484 -0.25947 -0.859054 -0.258872 -0.692972
0.271973 -0.25989 -0.858485 -0.25921 -0.692972
0.272461 -0.260309 -0.857914 -0.259548 -0.692972
0.272949 -0.260728 -0.857341 -0.259887 -0.692972
0.273438 -0.261146 -0.856768 -0.260225 -0.692972
0.273926 -0.261564 -0.856192 -0.260563 -0.692972
0.274414 -0.261982 -0.855616 -0.260902 -0.692972
0.274902 -0.2624 -0.855038 -0.26124 -0.692972
0.275391 -0.262817 -0.854458 -0.261578 -0.692972
0.275879 -0.263234 -0.853878 -0.261917 -0.692972
0.276367 -0.263651 -0.853296 -0.262255 -0.692972
0.276855 -0.264068 -0.852712 -0.262594 -0.692972
0.277344 -0.264484 -0.852127 -0.262932 -0.692972
0.277832 -0.2649 -0.851541 -0.26327 -0.692972
0.27832 -0.265315 -0.850953 -0.263609 -0.692972
0.278809 -0.265731 -0.850364 -0.263947 -0.692972
0.279297 -0.266146 -0.849773 -0.264285 -0.692972
0.279785 -0.266561 -0.849181 -0.264624 -0.692972
0.280273 -0.266975 -0.848588 -0.264962 -0.692972
0.280762 -0.267389 -0.847993 -0.2653 -0.692972
0.28125 -0.267803 -0.847397 -0.265639 -0.692972
0.281738 -0.268217 -0.846799 -0.265977 -0.692972
0.282227 -0.26863 -0.8462 -0.266316 -0.692972
0.282715 -0.269043 -0.845599 -0.266654 -0.692972
0.283203 -0.269456 -0.844997 -0.266992 -0.692972
0.283691 -0.269868 -0.844394 -0.267331 -0.692972
0.28418 -0.270281 -0.843789 -0.267669 -0.692972
0.284668 -0.270692 -0.843183 -0.268007 -0.692972
0.285156 -0.271104 -0.842575 -0.268346 -0.692972
0.285645 -0.271515 -0.841966 -0.268684 -0.692972
0.286133 -0.271926 -0.841356 -0.269022 -0.692972
0.286621 -0.272337 -0.840744 -0.269361 -0.692972
0.287109 -0.272747 -0.84013 -0.269699 -0.692972
0.287598 -0.273157 -0.839516 -0.270038 -0.692972
0.288086 -0.273567 -0.838899 -0.270376 -0.692972
0.288574 -0.273977 -0.838282 -0.270714 -0.692972
0.289062 -0.274386 -0.837663 -0.271053 -0.692972
0.289551 -0.274795 -0.837042 -0.271391 -0.692972
0.290039 -0.275203 -0.83642 -0.271729 -0.692972
0.290527 -0.275611 -0.835797 -0.272068 -0.692972
0.291016 -0.276019 -0.835172 -0.272406 -0.692972
0.291504 -0.276427 -0.834545 -0.272744 -0.692972
0.291992 -0.276834 -0.833918 -0.273083 -0.692972
0.29248 -0.277241 -0.833288 -0.273421 -0.692972
0.292969 -0.277648 -0.832658 -0.27376 -0.692972
0.293457 -0.278054 -0.832026 -0.274098 -0.692972
0.293945 -0.278461 -0.831392 -0.274436 -0.692972
0.294434 -0.278866 -0.830757 -0.274775 -0.692972
0.294922 -0.279272 -0.83012 -0.275113 -0.692972
0.29541 -0.279677 -0.829483 -0.275451 -0.692972
0.295898 -0.280082 -0.828843 -0.27579 -0.692972
0.296387 -0.280486 -0.828202 -0.276128 -0.692972
0.296875 -0.280891 -0.82756 -0.276467 -0.692972
0.297363 -0.281295 -0.826916 -0.276805 -0.692972
0.297852 -0.281698 -0.826271 -0.277143 -0.692972
0.29834 -0.282102 -0.825624 -0.277482 -0.692972
0.298828 -0.282504 -0.824976 -0.27782 -0.692972
0.299316 -0.282907 -0.824326 -0.278158 -0.692972
0.299805 -0.28331 -0.823675 -0.278497 -0.692972
0.300293 -0.283712 -0.823022 -0.278835 -0.692972
0.300781 -0.284113 -0.822368 -0.279173 -0.692972
0.30127 -0.284515 -0.821712 -0.279512 -0.692972
0.301758 -0.284916 -0.821055 -0.27985 -0.692972
0.302246 -0.285316 -0.820397 -0.280189 -0.692972
0.302734 -0.285717 -0.819737 -0.280527 -0.692972
0.303223 -0.286117 -0.819075 -0.280865 -0.692972
0.303711 -0.286517 -0.818412 -0.281204 -0.692972
0.304199 -0.286916 -0.817747 -0.281542 -0.692972
0.304688 -0.287315 -0.817081 -0.28188 -0.692972
0.305176 -0.287714 -0.816414 -0.282219 -0.692972
0.305664 -0.288113 -0.815745 -0.282557 -0.692972
0.306152 -0.288511 -0.815074 -0.282895 -0.692972
0.306641 -0.288909 -0.814402 -0.283234 -0.692972
0.307129 -0.289306 -0.813729 -0.283572 -0.692972
0.307617 -0.289703 -0.813054 -0.283911 -0.692972
0.308105 -0.2901 -0.812377 -0.284249 -0.692972
0.308594 -0.290497 -0.811699 -0.284587 -0.692972
0.309082 -0.290893 -0.81102 -0.284926 -0.692972
0.30957 -0.291289 -0.810339 -0.285264 -0.692972
0.310059 -0.291684 -0.809656 -0.285602 -0.692972
0.310547 -0.292079 -0.808972 -0.285941 -0.692972
0.311035 -0.292474 -0.808287 -0.286279 -0.692972
0.311523 -0.292869 -0.8076 -0.286617 -0.692972
0.312012 -0.293263 -0.806911 -0.286956 -0.692972
0.3125 -0.293657 -0.806221 -0.287294 -0.692972
0.312988 -0.29405 -0.805529 -0.287633 -0.692972
0.313477 -0.294443 -0.804836 -0.287971 -0.692972
0.313965 -0.294836 -0.804141 -0.288309 -0.692972
0.314453 -0.295229 -0.803445 -0.288648 -0.692972
0.314941 -0.295621 -0.802747 -0.288986 -0.692972
0.31543 -0.296012 -0.802048 -0.289324 -0.692972
0.315918 -0.296404 -0.801347 -0.289663 -0.692972
0.316406 -0.296795 -0.800645 -0.290001 -0.692972
0.316895 -0.297186 -0.799941 -0.290339 -0.692972
0.317383 -0.297576 -0.799236 -0.290678 -0.692972
0.317871 -0.297966 -0.798529 -0.291016 -0.692972
0.318359 -0.298356 -0.797821 -0.291355 -0.692972
0.318848 -0.298745 -0.797111 -0.291693 -0.692972
0.319336 -0.299134 -0.796399 -0.292031 -0.692972
0.319824 -0.299523 -0.795686 -0.29237 -0.692972
0.320312 -0.299912 -0.794971 -0.292708 -0.692972
0.320801 -0.300299 -0.794255 -0.293046 -0.692972
0.321289 -0.300687 -0.793538 -0.293385 -0.692972
0.321777 -0.301074 -0.792818 -0.293723 -0.692972
0.322266 -0.301461 -0.792098 -0.294062 -0.692972
0.322754 -0.301848 -0.791375 -0.2944 -0.692972
0.323242 -0.302234 -0.790651 -0.294738 -0.692972
0.32373 -0.30262 -0.789926 -0.295077 -0.692972
0.324219 -0.303006 -0.789199 -0.295415 -0.692972
0.324707 -0.303391 -0.78847 -0.295753 -0.692972
0.325195 -0.303776 -0.78774 -0.296092 -0.692972
0.325684 -0.30416 -0.787009 -0.29643 -0.692972
0.326172 -0.304544 -0.786275 -0.296768 -0.692972
0.32666 -0.304928 -0.78554 -0.297107 -0.692972
0.327148 -0.305311 -0.784804 -0.297445 -0.692972
0.327637 -0.305694 -0.784066 -0.297784 -0.692972
0.328125 -0.306077 -0.783327 -0.298122 -0.692972
0.328613 -0.306459 -0.782586 -0.29846 -0.692972
0.329102 -0.306841 -0.781843 -0.298799 -0.692972
0.32959 -0.307223 -0.781099 -0.299137 -0.692972
0.330078 -0.307604 -0.780353 -0.299475 -0.692972
0.330566 -0.307985 -0.779605 -0.299814 -0.692972
0.331055 -0.308365 -0.778856 -0.300152 -0.692972
0.331543 -0.308745 -0.778106 -0.30049 -0.692972
0.332031 -0.309125 -0.777354 -0.300829 -0.692972
0.33252 -0.309505 -0.7766 -0.301167 -0.692972
0.333008 -0.309884 -0.775845 -0.301506 -0.692972
0.333496 -0.310262 -0.775088 -0.301844 -0.692972
0.333984 -0.310641 -0.774329 -0.302182 -0.692972
0.334473 -0.311018 -0.773569 -0.302521 -0.692972
0.334961 -0.311396 -0.772807 -0.302859 -0.692972
0.335449 -0.311773 -0.772044 -0.303197 -0.692972
0.335938 -0.31215 -0.771279 -0.303536 -0.692972
0.336426 -0.312526 -0.770513 -0.303874 -0.692972
0.336914 -0.312902 -0.769745 -0.304212 -0.692972
0.337402 -0.313278 -0.768975 -0.304551 -0.692972
0.337891 -0.313653 -0.768204 -0.304889 -0.692972
0.338379 -0.314028 -0.767431 -0.305228 -0.692972
0.338867 -0.314403 -0.766656 -0.305566 -0.692972
0.339355 -0.314777 -0.76588 -0.305904 -0.692972
0.339844 -0.315151 -0.765103 -0.306243 -0.692972
0.340332 -0.315524 -0.764323 -0.306581 -0.692972
0.34082 -0.315897 -0.763542 -0.306919 -0.692972
0.341309 -0.31627 -0.76276 -0.307258 -0.692972
0.341797 -0.316642 -0.761976 -0.307596 -0.692972
0.342285 -0.317014 -0.76119 -0.307934 -0.692972
0.342773 -0.317385 -0.760402 -0.308273 -0.692972
0.343262 -0.317756 -0.759613 -0.308611 -0.692972
0.34375 -0.318127 -0.758823 -0.30895 -0.692972
0.344238 -0.318497 -0.758031 -0.309288 -0.692972
0.344727 -0.318867 -0.757237 -0.309626 -0.692972
0.345215 -0.319237 -0.756441 -0.309965 -0.692972
0.345703 -0.319606 -0.755644 -0.310303 -0.692972
0.346191 -0.319975 -0.754845 -0.310641 -0.692972
0.34668 -0.320343 -0.754045 -0.31098 -0.692972
0.347168 -0.320711 -0.753243 -0.311318 -0.692972
0.347656 -0.321079 -0.752439 -0.311657 -0.692972
0.348145 -0.321446 -0.751633 -0.311995 -0.692972
0.348633 -0.321813 -0.750826 -0.312333 -0.692972
0.349121 -0.322179 -0.750018 -0.312672 -0.692972
0.349609 -0.322545 -0.749208 -0.31301 -0.692972
0.350098 -0.322911 -0.748396 -0.313348 -0.692972
0.350586 -0.323276 -0.747582 -0.313687 -0.692972
0.351074 -0.323641 -0.746767 -0.314025 -0.692972
0.351562 -0.324005 -0.74595 -0.314363 -0.692972
0.352051 -0.324369 -0.745131 -0.314702 -0.692972
0.352539 -0.324733 -0.744311 -0.31504 -0.692972
0.353027 -0.325096 -0.743489 -0.315379 -0.692972
0.353516 -0.325459 -0.742666 -0.315717 -0.692972
0.354004 -0.325822 -0.741841 -0.316055 -0.692972
0.354492 -0.326184 -0.741014 -0.316394 -0.692972
0.35498 -0.326545 -0.740185 -0.316732 -0.692972
0.355469 -0.326906 -0.739355 -0.31707 -0.692972
0.355957 -0.327267 -0.738523 -0.317409 -0.692972
0.356445 -0.327628 -0.73769 -0.317747 -0.692972
0.356934 -0.327988 -0.736855 -0.318085 -0.692972
0.357422 -0.328347 -0.736018 -0.318424 -0.692972
0.35791 -0.328706 -0.735179 -0.318762 -0.692972
0.358398 -0.329065 -0.734339 -0.319101 -0.692972
0.358887 -0.329424 -0.733497 -0.319439 -0.692972
0.359375 -0.329782 -0.732654 -0.319777 -0.692972
0.359863 -0.330139 -0.731808 -0.320116 -0.692972
0.360352 -0.330496 -0.730961 -0.320454 -0.692972
0.36084 -0.330853 -0.730113 -0.320792 -0.692972
0.361328 -0.331209 -0.729262 -0.321131 -0.692972
0.361816 -0.331565 -0.72841 -0.321469 -0.692972
0.362305 -0.331921 -0.727557 -0.321807 -0.692972
0.362793 -0.332276 -0.726701 -0.322146 -0.692972
0.363281 -0.33263 -0.725844 -0.322484 -0.692972
0.36377 -0.332984 -0.724986 -0.322823 -0.692972
0.364258 -0.333338 -0.724125 -0.323161 -0.692972
0.364746 -0.333692 -0.723263 -0.323499 -0.692972
0.365234 -0.334044 -0.722399 -0.323838 -0.692972
0.365723 -0.334397 -0.721533 -0.324176 -0.692972
0.366211 -0.334749 -0.720666 -0.324514 -0.692972
0.366699 -0.335101 -0.719797 -0.324853 -0.692972
0.367188 -0.335452 -0.718927 -0.325191 -0.692972
0.367676 -0.335803 -0.718054 -0.325529 -0.692972
0.368164 -0.336153 -0.71718 -0.325868 -0.692972
0.368652 -0.336503 -0.716304 -0.326206 -0.692972
0.369141 -0.336853 -0.715427 -0.326545 -0.692972
0.369629 -0.337202 -0.714547 -0.326883 -0.692972
0.370117 -0.337551 -0.713666 -0.327221 -0.692972
0.370605 -0.337899 -0.712784 -0.32756 -0.692972
0.371094 -0.338247 -0.711899 -0.327898 -0.692972
0.371582 -0.338594 -0.711013 -0.328236 -0.692972
0.37207 -0.338941 -0.710125 -0.328575 -0.692972
0.372559 -0.339288 -0.709236 -0.328913 -0.692972
0.373047 -0.339634 -0.708344 -0.329252 -0.692972
0.373535 -0.339979 -0.707451 -0.32959 -0.692972
0.374023 -0.340324 -0.706556 -0.329928 -0.692972
0.374512 -0.340669 -0.70566 -0.330267 -0.692972
0.375 -0.341014 -0.704761 -0.330605 -0.689145
0.375488 -0.341358 -0.703861 -0.330941 -0.689145
0.375977 -0.341701 -0.70296 -0.331278 -0.689145
0.376465 -0.342044 -0.702056 -0.331614 -0.689145
0.376953 -0.342387 -0.701151 -0.331951 -0.689145
0.377441 -0.342729 -0.700244 -0.332287 -0.689145
0.37793 -0.34307 -0.699335 -0.332624 -0.689145
0.378418 -0.343412 -0.698425 -0.33296 -0.689145
0.378906 -0.343752 -0.697512 -0.333297 -0.689145
0.379395 -0.344093 -0.696598 -0.333633 -0.689145
0.379883 -0.344433 -0.695683 -0.33397 -0.689145
0.380371 -0.344772 -0.694765 -0.334306 -0.689145
0.380859 -0.345111 -0.693846 -0.334643 -0.689145
0.381348 -0.34545 -0.692925 -0.334979 -0.689145
0.381836 -0.345788 -0.692002 -0.335316 -0.689145
0.382324 -0.346126 -0.691077 -0.335652 -0.689145
0.382812 -0.346463 -0.690151 -0.335989 -0.689145
0.383301 -0.3468 -0.689223 -0.336325 -0.689145
0.383789 -0.347136 -0.688293 -0.336662 -0.689145
0.384277 -0.347472 -0.687361 -0.336998 -0.689145
0.384766 -0.347807 -0.686428 -0.337335 -0.689145
0.385254 -0.348142 -0.685493 -0.337671 -0.689145
0.385742 -0.348477 -0.684556 -0.338008 -0.689145
0.38623 -0.348811 -0.683617 -0.338344 -0.689145
0.386719 -0.349144 -0.682676 -0.338681 -0.689145
0.387207 -0.349477 -0.681734 -0.339017 -0.689145
0.387695 -0.34981 -0.68079 -0.339354 -0.689145
0.388184 -0.350142 -0.679844 -0.33969 -0.689145
0.388672 -0.350474 -0.678896 -0.340027 -0.689145
0.38916 -0.350805 -0.677947 -0.340363 -0.689145
0.389648 -0.351136 -0.676996 -0.3407 -0.689145
0.390137 -0.351466 -0.676042 -0.341036 -0.689145
0.390625 -0.351796 -0.675088 -0.341373 -0.689145
0.391113 -0.352125 -0.674131 -0.341709 -0.689145
0.391602 -0.352454 -0.673172 -0.342046 -0.689145
0.39209 -0.352783 -0.672212 -0.342382 -0.689145
0.392578 -0.353111 -0.67125 -0.342719 -0.689145
0.393066 -0.353438 -0.670286 -0.343055 -0.689145
0.393555 -0.353765 -0.66932 -0.343392 -0.689145
0.394043 -0.354092 -0.668353 -0.343728 -0.689145
0.394531 -0.354418 -0.667384 -0.344065 -0.689145
0.39502 -0.354744 -0.666413 -0.344401 -0.689145
0.395508 -0.355069 -0.66544 -0.344738 -0.689145
0.395996 -0.355394 -0.664465 -0.345074 -0.689145
0.396484 -0.355718 -0.663488 -0.345411 -0.689145
0.396973 -0.356042 -0.66251 -0.345747 -0.689145
0.397461 -0.356365 -0.66153 -0.346084 -0.689145
0.397949 -0.356688 -0.660547 -0.34642 -0.689145
0.398438 -0.35701 -0.659564 -0.346757 -0.689145
0.398926 -0.357332 -0.658578 -0.347093 -0.689145
0.399414 -0.357653 -0.65759 -0.34743 -0.689145
0.399902 -0.357974 -0.656601 -0.347766 -0.689145
0.400391 -0.358294 -0.65561 -0.348103 -0.689145
0.400879 -0.358614 -0.654617 -0.348439 -0.689145
0.401367 -0.358933 -0.653622 -0.348776 -0.689145
0.401855 -0.359252 -0.652625 -0.349112 -0.689145
0.402344 -0.359571 -0.651626 -0.349449 -0.689145
0.402832 -0.359889 -0.650626 -0.349785 -0.689145
0.40332 -0.360206 -0.649624 -0.350122 -0.689145
0.403809 -0.360523 -0.64862 -0.350458 -0.689145
0.404297 -0.36084 -0.647614 -0.350795 -0.689145
0.404785 -0.361156 -0.646606 -0.351131 -0.689145
0.405273 -0.361471 -0.645596 -0.351468 -0.689145
0.405762 -0.361786 -0.644585 -0.351804 -0.689145
0.40625 -0.362101 -0.643571 -0.352141 -0.689145
0.406738 -0.362415 -0.642556 -0.352477 -0.689145
0.407227 -0.362728 -0.641539 -0.352814 -0.689145
0.407715 -0.363041 -0.64052 -0.35315 -0.689145
0.408203 -0.363354 -0.639499 -0.353487 -0.689145
0.408691 -0.363666 -0.638476 -0.353823 -0.689145
0.40918 -0.363977 -0.637452 -0.35416 -0.689145
0.409668 -0.364288 -0.636425 -0.354496 -0.689145
0.410156 -0.364599 -0.635397 -0.354833 -0.689145
0.410645 -0.364909 -0.634367 -0.355169 -0.689145
0.411133 -0.365218 -0.633335 -0.355506 -0.689145
0.411621 -0.365527 -0.632301 -0.355842 -0.689145
0.412109 -0.365836 -0.631265 -0.356179 -0.689145
0.412598 -0.366143 -0.630227 -0.356515 -0.689145
0.413086 -0.366451 -0.629188 -0.356852 -0.689145
0.413574 -0.366758 -0.628146 -0.357188 -0.689145
0.414062 -0.367064 -0.627103 -0.357525 -0.689145
0.414551 -0.36737 -0.626058 -0.357861 -0.689145
0.415039 -0.367676 -0.625011 -0.358198 -0.689145
0.415527 -0.367981 -0.623961 -0.358534 -0.689145
0.416016 -0.368285 -0.622911 -0.358871 -0.689145
0.416504 -0.368589 -0.621858 -0.359207 -0.689145
0.416992 -0.368892 -0.620803 -0.359544 -0.689145
0.41748 -0.369195 -0.619746 -0.35988 -0.689145
0.417969 -0.369498 -0.618688 -0.360217 -0.689145
0.418457 -0.369799 -0.617627 -0.360553 -0.689145
0.418945 -0.370101 -0.616565 -0.36089 -0.689145
0.419434 -0.370402 -0.615501 -0.361226 -0.689145
0.419922 -0.370702 -0.614434 -0.361563 -0.689145
0.42041 -0.371002 -0.613366 -0.361899 -0.689145
0.420898 -0.371301 -0.612296 -0.362236 -0.689145
0.421387 -0.3716 -0.611224 -0.362572 -0.689145
0.421875 -0.371898 -0.610151 -0.362909 -0.689145
0.422363 -0.372195 -0.609075 -0.363245 -0.689145
0.422852 -0.372493 -0.607997 -0.363582 -0.689145
0.42334 -0.372789 -0.606917 -0.363918 -0.689145
0.423828 -0.373085 -0.605836 -0.364255 -0.689145
0.424316 -0.373381 -0.604752 -0.364591 -0.689145
0.424805 -0.373676 -0.603667 -0.364928 -0.689145
0.425293 -0.37397 -0.60258 -0.365264 -0.689145
0.425781 -0.374264 -0.60149 -0.365601 -0.689145
0.42627 -0.374558 -0.600399 -0.365937 -0.689145
0.426758 -0.374851 -0.599306 -0.366274 -0.689145
0.427246 -0.375143 -0.598211 -0.36661 -0.689145
0.427734 -0.375435 -0.597114 -0.366947 -0.689145
0.428223 -0.375726 -0.596015 -0.367283 -0.689145
0.428711 -0.376017 -0.594914 -0.36762 -0.689145
0.429199 -0.376307 -0.593811 -0.367956 -0.689145
0.429688 -0.376597 -0.592706 -0.368293 -0.689145
0.430176 -0.376886 -0.591599 -0.368629 -0.689145
0.430664 -0.377174 -0.59049 -0.368966 -0.689145
0.431152 -0.377462 -0.58938 -0.369302 -0.689145
0.431641 -0.37775 -0.588267 -0.369639 -0.689145
0.432129 -0.378037 -0.587152 -0.369975 -0.689145
0.432617 -0.378323 -0.586036 -0.370312 -0.689145
0.433105 -0.378609 -0.584917 -0.370648 -0.689145
0.433594 -0.378895 -0.583797 -0.370985 -0.689145
0.434082 -0.379179 -0.582674 -0.371321 -0.689145
0.43457 -0.379464 -0.58155 -0.371658 -0.689145
0.435059 -0.379747 -0.580423 -0.371994 -0.689145
0.435547 -0.38003 -0.579295 -0.372331 -0.689145
0.436035 -0.380313 -0.578164 -0.372667 -0.689145
0.436523 -0.380595 -0.577032 -0.373004 -0.689145
0.437012 -0.380877 -0.575898 -0.37334 -0.689145
0.4375 -0.381157 -0.574761 -0.373677 -0.689145
0.437988 -0.381438 -0.573623 -0.374013 -0.689145
0.438477 -0.381718 -0.572483 -0.37435 -0.689145
0.438965 -0.381997 -0.57134 -0.374686 -0.689145
0.439453 -0.382276 -0.570196 -0.375022 -0.689145
0.439941 -0.382554 -0.56905 -0.375359 -0.689145
0.44043 -0.382831 -0.567901 -0.375695 -0.689145
0.440918 -0.383108 -0.566751 -0.376032 -0.689145
0.441406 -0.383385 -0.565599 -0.376368 -0.689145
0.441895 -0.383661 -0.564444 -0.376705 -0.689145
0.442383 -0.383936 -0.563288 -0.377041 -0.689145
0.442871 -0.384211 -0.56213 -0.377378 -0.689145
0.443359 -0.384485 -0.560969 -0.377714 -0.689145
0.443848 -0.384759 -0.559807 -0.378051 -0.689145
0.444336 -0.385032 -0.558643 -0.378387 -0.689145
0.444824 -0.385304 -0.557476 -0.378724 -0.689145
0.445312 -0.385576 -0.556308 -0.37906 -0.689145
0.445801 -0.385847 -0.555138 -0.379397 -0.689145
0.446289 -0.386118 -0.553965 -0.379733 -0.689145
0.446777 -0.386388 -0.552791 -0.38007 -0.689145
0.447266 -0.386658 -0.551614 -0.380406 -0.689145
0.447754 -0.386927 -0.550436 -0.380743 -0.689145
0.448242 -0.387196 -0.549255 -0.381079 -0.689145
0.44873 -0.387463 -0.548073 -0.381416 -0.689145
0.449219 -0.387731 -0.546888 -0.381752 -0.689145
0.449707 -0.387997 -0.545701 -0.382089 -0.689145
0.450195 -0.388264 -0.544513 -0.382425 -0.689145
0.450684 -0.388529 -0.543322 -0.382762 -0.689145
0.451172 -0.388794 -0.542129 -0.383098 -0.689145
0.45166 -0.389059 -0.540935 -0.383435 -0.689145
0.452148 -0.389323 -0.539738 -0.383771 -0.689145
0.452637 -0.389586 -0.538539 -0.384108 -0.689145
0.453125 -0.389848 -0.537338 -0.384444 -0.689145
0.453613 -0.390111 -0.536135 -0.384781 -0.689145
0.454102 -0.390372 -0.53493 -0.385117 -0.689145
0.45459 -0.390633 -0.533723 -0.385454 -0.689145
0.455078 -0.390893 -0.532514 -0.38579 -0.689145
0.455566 -0.391153 -0.531302 -0.386127 -0.689145
0.456055 -0.391412 -0.530089 -0.386463 -0.689145
0.456543 -0.391671 -0.528874 -0.3868 -0.689145
0.457031 -0.391929 -0.527656 -0.387136 -0.689145
0.45752 -0.392186 -0.526437 -0.387473 -0.689145
0.458008 -0.392443 -0.525215 -0.387809 -0.689145
0.458496 -0.392699 -0.523992 -0.388146 -0.689145
0.458984 -0.392954 -0.522766 -0.388482 -0.689145
0.459473 -0.393209 -0.521538 -0.388819 -0.689145
0.459961 -0.393464 -0.520308 -0.389155 -0.689145
0.460449 -0.393717 -0.519076 -0.389492 -0.689145
0.460938 -0.393971 -0.517842 -0.389828 -0.689145
0.461426 -0.394223 -0.516606 -0.390165 -0.689145
0.461914 -0.394475 -0.515368 -0.390501 -0.689145
0.462402 -0.394726 -0.514128 -0.390838 -0.689145
0.462891 -0.394977 -0.512885 -0.391174 -0.689145
0.463379 -0.395227 -0.511641 -0.391511 -0.689145
0.463867 -0.395477 -0.510394 -0.391847 -0.689145
0.464355 -0.395726 -0.509146 -0.392184 -0.689145
0.464844 -0.395974 -0.507895 -0.39252 -0.689145
0.465332 -0.396222 -0.506642 -0.392857 -0.689145
0.46582 -0.396469 -0.505387 -0.393193 -0.689145
0.466309 -0.396715 -0.50413 -0.39353 -0.689145
0.466797 -0.396961 -0.502871 -0.393866 -0.689145
0.467285 -0.397206 -0.50161 -0.394203 -0.689145
0.467773 -0.397451 -0.500346 -0.394539 -0.689145
0.468262 -0.397695 -0.499081 -0.394876 -0.689145
0.46875 -0.397938 -0.497813 -0.395212 -0.689145
0.469238 -0.398181 -0.496543 -0.395549 -0.689145
0.469727 -0.398423 -0.495271 -0.395885 -0.689145
0.470215 -0.398665 -0.493997 -0.396222 -0.689145
0.470703 -0.398906 -0.492721 -0.396558 -0.689145
0.471191 -0.399146 -0.491443 -0.396895 -0.689145
0.47168 -0.399386 -0.490163 -0.397231 -0.689145
0.472168 -0.399625 -0.48888 -0.397568 -0.689145
0.472656 -0.399863 -0.487595 -0.397904 -0.689145
0.473145 -0.400101 -0.486309 -0.398241 -0.689145
0.473633 -0.400338 -0.48502 -0.398577 -0.689145
0.474121 -0.400574 -0.483729 -0.398914 -0.689145
0.474609 -0.40081 -0.482435 -0.39925 -0.689145
0.475098 -0.401046 -0.48114 -0.399587 -0.689145
0.475586 -0.40128 -0.479842 -0.399923 -0.689145
0.476074 -0.401514 -0.478543 -0.40026 -0.689145
0.476562 -0.401747 -0.477241 -0.400596 -0.689145
0.477051 -0.40198 -0.475937 -0.400933 -0.689145
0.477539 -0.402212 -0.474631 -0.401269 -0.689145
0.478027 -0.402444 -0.473323 -0.401606 -0.689145
0.478516 -0.402674 -0.472012 -0.401942 -0.689145
0.479004 -0.402905 -0.4707 -0.402279 -0.689145
0.479492 -0.403134 -0.469385 -0.402615 -0.689145
0.47998 -0.403363 -0.468068 -0.402952 -0.689145
0.480469 -0.403591 -0.466749 -0.403288 -0.689145
0.480957 -0.403819 -0.465427 -0.403625 -0.689145
0.481445 -0.404046 -0.464104 -0.403961 -0.689145
0.481934 -0.404272 -0.462778 -0.404298 -0.689145
0.482422 -0.404498 -0.461451 -0.404634 -0.689145
0.48291 -0.404723 -0.460121 -0.404971 -0.689145
0.483398 -0.404947 -0.458788 -0.405307 -0.689145
0.483887 -0.405171 -0.457454 -0.405644 -0.689145
0.484375 -0.405394 -0.456118 -0.40598 -0.689145
0.484863 -0.405616 -0.454779 -0.406317 -0.689145
0.485352 -0.405838 -0.453438 -0.406653 -0.689145
0.48584 -0.406059 -0.452095 -0.40699 -0.689145
0.486328 -0.406279 -0.450749 -0.407326 -0.689145
0.486816 -0.406499 -0.449402 -0.407663 -0.689145
0.487305 -0.406718 -0.448052 -0.407999 -0.689145
0.487793 -0.406937 -0.4467 -0.408336 -0.689145
0.488281 -0.407154 -0.445346 -0.408672 -0.689145
0.48877 -0.407372 -0.44399 -0.409009 -0.689145
0.489258 -0.407588 -0.442631 -0.409345 -0.689145
0.489746 -0.407804 -0.441271 -0.409682 -0.689145
0.490234 -0.408019 -0.439908 -0.410018 -0.689145
0.490723 -0.408233 -0.438542 -0.410355 -0.689145
0.491211 -0.408447 -0.437175 -0.410691 -0.689145
0.491699 -0.40866 -0.435805 -0.411028 -0.689145
0.492188 -0.408873 -0.434434 -0.411364 -0.689145
0.492676 -0.409085 -0.43306 -0.411701 -0.689145
0.493164 -0.409296 -0.431683 -0.412037 -0.689145
0.493652 -0.409506 -0.430305 -0.412374 -0.689145
0.494141 -0.409716 -0.428924 -0.41271 -0.689145
0.494629 -0.409925 -0.427541 -0.413047 -0.689145
0.495117 -0.410134 -0.426156 -0.413383 -0.689145
0.495605 -0.410341 -0.424768 -0.41372 -0.689145
0.496094 -0.410548 -0.423379 -0.414056 -0.689145
0.496582 -0.410755 -0.421987 -0.414393 -0.689145
0.49707 -0.41096 -0.420593 -0.414729 -0.689145
0.497559 -0.411165 -0.419196 -0.415066 -0.689145
0.498047 -0.41137 -0.417798 -0.415402 -0.689145
0.498535 -0.411573 -0.416397 -0.415739 -0.689145
0.499023 -0.411776 -0.414993 -0.416075 -0.689145
0.499512 -0.411979 -0.413588 -0.416412 -0.689145
0.5 -0.41218 -0.41218 -0.416748 -0.246437
0.500488 -0.412381 -0.41077 -0.416868 -0.246437
0.500977 -0.412581 -0.409358 -0.416989 -0.246437
0.501465 -0.412781 -0.407944 -0.417109 -0.246437
0.501953 -0.41298 -0.406527 -0.417229 -0.246437
0.502441 -0.413178 -0.405108 -0.41735 -0.246437
0.50293 -0.413375 -0.403687 -0.41747 -0.246437
0.503418 -0.413572 -0.402263 -0.41759 -0.246437
0.503906 -0.413768 -0.400837 -0.417711 -0.246437
0.504395 -0.413964 -0.399409 -0.417831 -0.246437
0.504883 -0.414158 -0.397979 -0.417951 -0.246437
0.505371 -0.414352 -0.396546 -0.418072 -0.246437
0.505859 -0.414546 -0.395111 -0.418192 -0.246437
0.506348 -0.414738 -0.393674 -0.418312 -0.246437
0.506836 -0.41493 -0.392234 -0.418433 -0.246437
0.507324 -0.415121 -0.390792 -0.418553 -0.246437
0.507812 -0.415312 -0.389348 -0.418673 -0.246437
0.508301 -0.415501 -0.387902 -0.418794 -0.246437
0.508789 -0.41569 -0.386453 -0.418914 -0.246437
0.509277 -0.415879 -0.385002 -0.419034 -0.246437
0.509766 -0.416066 -0.383549 -0.419155 -0.246437
0.510254 -0.416253 -0.382093 -0.419275 -0.246437
0.510742 -0.41644 -0.380635 -0.419395 -0.246437
0.51123 -0.416625 -0.379175 -0.419516 -0.246437
0.511719 -0.41681 -0.377712 -0.419636 -0.246437
0.512207 -0.416994 -0.376248 -0.419756 -0.246437
0.512695 -0.417177 -0.37478 -0.419877 -0.246437
0.513184 -0.41736 -0.373311 -0.419997 -0.246437
0.513672 -0.417542 -0.371839 -0.420117 -0.246437
0.51416 -0.417723 -0.370365 -0.420238 -0.246437
0.514648 -0.417904 -0.368888 -0.420358 -0.246437
0.515137 -0.418083 -0.36741 -0.420478 -0.246437
0.515625 -0.418262 -0.365928 -0.420599 -0.246437
0.516113 -0.418441 -0.364445 -0.420719 -0.246437
0.516602 -0.418618 -0.362959 -0.420839 -0.246437
0.51709 -0.418795 -0.361471 -0.42096 -0.246437
0.517578 -0.418971 -0.359981 -0.42108 -0.246437
0.518066 -0.419147 -0.358488 -0.4212 -0.246437
0.518555 -0.419321 -0.356992 -0.421321 -0.246437
0.519043 -0.419495 -0.355495 -0.421441 -0.246437
0.519531 -0.419669 -0.353995 -0.421561 -0.246437
0.52002 -0.419841 -0.352493 -0.421682 -0.246437
0.520508 -0.420013 -0.350988 -0.421802 -0.246437
0.520996 -0.420184 -0.349481 -0.421922 -0.246437
0.521484 -0.420354 -0.347972 -0.422043 -0.246437
0.521973 -0.420524 -0.34646 -0.422163 -0.246437
0.522461 -0.420692 -0.344946 -0.422283 -0.246437
0.522949 -0.42086 -0.34343 -0.422404 -0.246437
0.523438 -0.421028 -0.341911 -0.422524 -0.246437
0.523926 -0.421194 -0.34039 -0.422644 -0.246437
0.524414 -0.42136 -0.338867 -0.422765 -0.246437
0.524902 -0.421525 -0.337341 -0.422885 -0.246437
0.525391 -0.42169 -0.335812 -0.423005 -0.246437
0.525879 -0.421853 -0.334282 -0.423126 -0.246437
0.526367 -0.422016 -0.332749 -0.423246 -0.246437
0.526855 -0.422178 -0.331213 -0.423366 -0.246437
0.527344 -0.422339 -0.329676 -0.423487 -0.246437
0.527832 -0.4225 -0.328135 -0.423607 -0.246437
0.52832 -0.42266 -0.326593 -0.423727 -0.246437
0.528809 -0.422819 -0.325048 -0.423848 -0.246437
0.529297 -0.422977 -0.323501 -0.423968 -0.246437
0.529785 -0.423135 -0.321951 -0.424088 -0.246437
0.530273 -0.423292 -0.320399 -0.424209 -0.246437
0.530762 -0.423448 -0.318844 -0.424329 -0.246437
0.53125 -0.423603 -0.317287 -0.424449 -0.246437
0.531738 -0.423758 -0.315728 -0.42457 -0.246437
0.532227 -0.423911 -0.314166 -0.42469 -0.246437
0.532715 -0.424064 -0.312602 -0.42481 -0.246437
0.533203 -0.424217 -0.311035 -0.424931 -0.246437
0.533691 -0.424368 -0.309466 -0.425051 -0.246437
0.53418 -0.424519 -0.307895 -0.425171 -0.246437
0.534668 -0.424669 -0.306321 -0.425292 -0.246437
0.535156 -0.424818 -0.304744 -0.425412 -0.246437
0.535645 -0.424967 -0.303166 -0.425532 -0.246437
0.536133 -0.425114 -0.301584 -0.425653 -0.246437
0.536621 -0.425261 -0.300001 -0.425773 -0.246437
0.537109 -0.425407 -0.298415 -0.425893 -0.246437
0.537598 -0.425552 -0.296826 -0.426014 -0.246437
0.538086 -0.425697 -0.295235 -0.426134 -0.246437
0.538574 -0.425841 -0.293642 -0.426254 -0.246437
0.539062 -0.425984 -0.292046 -0.426375 -0.246437
0.539551 -0.426126 -0.290448 -0.426495 -0.246437
0.540039 -0.426267 -0.288847 -0.426615 -0.246437
0.540527 -0.426408 -0.287244 -0.426735 -0.246437
0.541016 -0.426548 -0.285639 -0.426856 -0.246437
0.541504 -0.426687 -0.284031 -0.426976 -0.246437
0.541992 -0.426825 -0.28242 -0.427096 -0.246437
0.54248 -0.426963 -0.280807 -0.427217 -0.246437
0.542969 -0.4271 -0.279192 -0.427337 -0.246437
0.543457 -0.427235 -0.277574 -0.427457 -0.246437
0.543945 -0.427371 -0.275953 -0.427578 -0.246437
0.544434 -0.427505 -0.274331 -0.427698 -0.246437
0.544922 -0.427638 -0.272705 -0.427818 -0.246437
0.54541 -0.427771 -0.271078 -0.427939 -0.246437
0.545898 -0.427903 -0.269447 -0.428059 -0.246437
0.546387 -0.428034 -0.267814 -0.428179 -0.246437
0.546875 -0.428165 -0.266179 -0.4283 -0.246437
0.547363 -0.428294 -0.264542 -0.42842 -0.246437
0.547852 -0.428423 -0.262901 -0.42854 -0.246437
0.54834 -0.428551 -0.261259 -0.428661 -0.246437
0.548828 -0.428678 -0.259613 -0.428781 -0.246437
0.549316 -0.428805 -0.257966 -0.428901 -0.246437
0.549805 -0.42893 -0.256316 -0.429022 -0.246437
0.550293 -0.429055 -0.254663 -0.429142 -0.246437
0.550781 -0.429179 -0.253008 -0.429262 -0.246437
0.55127 -0.429302 -0.25135 -0.429383 -0.246437
0.551758 -0.429424 -0.24969 -0.429503 -0.246437
0.552246 -0.429546 -0.248027 -0.429623 -0.246437
0.552734 -0.429666 -0.246362 -0.429744 -0.246437
0.553223 -0.429786 -0.244694 -0.429864 -0.246437
0.553711 -0.429905 -0.243024 -0.429984 -0.246437
0.554199 -0.430024 -0.241351 -0.430105 -0.246437
0.554688 -0.430141 -0.239676 -0.430225 -0.246437
0.555176 -0.430258 -0.237998 -0.430345 -0.246437
0.555664 -0.430374 -0.236318 -0.430466 -0.246437
0.556152 -0.430489 -0.234635 -0.430586 -0.246437
0.556641 -0.430603 -0.232949 -0.430706 -0.246437
0.557129 -0.430716 -0.231261 -0.430827 -0.246437
0.557617 -0.430829 -0.229571 -0.430947 -0.246437
0.558105 -0.43094 -0.227878 -0.431067 -0.246437
0.558594 -0.431051 -0.226182 -0.431188 -0.246437
0.559082 -0.431161 -0.224484 -0.431308 -0.246437
0.55957 -0.43127 -0.222784 -0.431428 -0.246437
0.560059 -0.431379 -0.22108 -0.431549 -0.246437
0.560547 -0.431486 -0.219375 -0.431669 -0.246437
0.561035 -0.431593 -0.217666 -0.431789 -0.246437
0.561523 -0.431699 -0.215956 -0.43191 -0.246437
0.562012 -0.431804 -0.214242 -0.43203 -0.246437
0.5625 -0.431908 -0.212526 -0.43215 -0.246437
0.562988 -0.432011 -0.210808 -0.432271 -0.246437
0.563477 -0.432114 -0.209086 -0.432391 -0.246437
0.563965 -0.432216 -0.207363 -0.432511 -0.246437
0.564453 -0.432316 -0.205637 -0.432632 -0.246437
0.564941 -0.432416 -0.203908 -0.432752 -0.246437
0.56543 -0.432515 -0.202176 -0.432872 -0.246437
0.565918 -0.432614 -0.200442 -0.432993 -0.246437
0.566406 -0.432711 -0.198706 -0.433113 -0.246437
0.566895 -0.432808 -0.196967 -0.433233 -0.246437
0.567383 -0.432904 -0.195225 -0.433354 -0.246437
0.567871 -0.432998 -0.19348 -0.433474 -0.246437
0.568359 -0.433093 -0.191734 -0.433594 -0.246437
0.568848 -0.433186 -0.189984 -0.433715 -0.246437
0.569336 -0.433278 -0.188232 -0.433835 -0.246437
0.569824 -0.43337 -0.186477 -0.433955 -0.246437
0.570312 -0.43346 -0.18472 -0.434076 -0.246437
0.570801 -0.43355 -0.18296 -0.434196 -0.246437
0.571289 -0.433639 -0.181197 -0.434316 -0.246437
0.571777 -0.433727 -0.179432 -0.434437 -0.246437
0.572266 -0.433814 -0.177665 -0.434557 -0.246437
0.572754 -0.4339 -0.175894 -0.434677 -0.246437
0.573242 -0.433986 -0.174121 -0.434798 -0.246437
0.57373 -0.43407 -0.172346 -0.434918 -0.246437
0.574219 -0.434154 -0.170567 -0.435038 -0.246437
0.574707 -0.434237 -0.168786 -0.435159 -0.246437
0.575195 -0.434319 -0.167003 -0.435279 -0.246437
0.575684 -0.4344 -0.165217 -0.435399 -0.246437
0.576172 -0.43448 -0.163428 -0.43552 -0.246437
0.57666 -0.43456 -0.161637 -0.43564 -0.246437
0.577148 -0.434638 -0.159843 -0.43576 -0.246437
0.577637 -0.434716 -0.158046 -0.435881 -0.246437
0.578125 -0.434792 -0.156247 -0.436001 -0.246437
0.578613 -0.434868 -0.154445 -0.436121 -0.246437
0.579102 -0.434943 -0.15264 -0.436242 -0.246437
0.57959 -0.435017 -0.150833 -0.436362 -0.246437
0.580078 -0.435091 -0.149023 -0.436482 -0.246437
0.580566 -0.435163 -0.14721 -0.436603 -0.246437
0.581055 -0.435234 -0.145395 -0.436723 -0.246437
0.581543 -0.435305 -0.143577 -0.436843 -0.246437
0.582031 -0.435375 -0.141757 -0.436964 -0.246437
0.58252 -0.435443 -0.139934 -0.437084 -0.246437
0.583008 -0.435511 -0.138108 -0.437204 -0.246437
0.583496 -0.435578 -0.136279 -0.437325 -0.246437
0.583984 -0.435644 -0.134448 -0.437445 -0.246437
0.584473 -0.43571 -0.132614 -0.437565 -0.246437
0.584961 -0.435774 -0.130778 -0.437686 -0.246437
0.585449 -0.435837 -0.128938 -0.437806 -0.246437
0.585938 -0.4359 -0.127096 -0.437926 -0.246437
0.586426 -0.435961 -0.125252 -0.438047 -0.246437
0.586914 -0.436022 -0.123404 -0.438167 -0.246437
0.587402 -0.436082 -0.121554 -0.438287 -0.246437
0.587891 -0.436141 -0.119702 -0.438408 -0.246437
0.588379 -0.436199 -0.117846 -0.438528 -0.246437
0.588867 -0.436256 -0.115988 -0.438648 -0.246437
0.589355 -0.436312 -0.114127 -0.438769 -0.246437
0.589844 -0.436367 -0.112264 -0.438889 -0.246437
0.590332 -0.436422 -0.110398 -0.439009 -0.246437
0.59082 -0.436475 -0.108529 -0.43913 -0.246437
0.591309 -0.436528 -0.106657 -0.43925 -0.246437
0.591797 -0.436579 -0.104783 -0.43937 -0.246437
0.592285 -0.43663 -0.102906 -0.439491 -0.246437
0.592773 -0.43668 -0.101026 -0.439611 -0.246437
0.593262 -0.436729 -0.0991432 -0.439731 -0.246437
0.59375 -0.436777 -0.0972579 -0.439852 -0.246437
0.594238 -0.436824 -0.09537 -0.439972 -0.246437
0.594727 -0.43687 -0.0934792 -0.440092 -0.246437
0.595215 -0.436915 -0.0915858 -0.440213 -0.246437
0.595703 -0.436959 -0.0896896 -0.440333 -0.246437
0.596191 -0.437002 -0.0877907 -0.440453 -0.246437
0.59668 -0.437045 -0.085889 -0.440574 -0.246437
0.597168 -0.437086 -0.0839846 -0.440694 -0.246437
0.597656 -0.437127 -0.0820774 -0.440814 -0.246437
0.598145 -0.437167 -0.0801675 -0.440935 -0.246437
0.598633 -0.437205 -0.0782549 -0.441055 -0.246437
0.599121 -0.437243 -0.0763395 -0.441175 -0.246437
0.599609 -0.43728 -0.0744213 -0.441296 -0.246437
0.600098 -0.437316 -0.0725003 -0.441416 -0.246437
0.600586 -0.437351 -0.0705766 -0.441536 -0.246437
0.601074 -0.437385 -0.0686502 -0.441657 -0.246437
0.601562 -0.437418 -0.0667209 -0.441777 -0.246437
0.602051 -0.43745 -0.0647889 -0.441897 -0.246437
0.602539 -0.437481 -0.0628542 -0.442017 -0.246437
0.603027 -0.437511 -0.0609166 -0.442138 -0.246437
0.603516 -0.43754 -0.0589763 -0.442258 -0.246437
0.604004 -0.437569 -0.0570331 -0.442378 -0.246437
0.604492 -0.437596 -0.0550872 -0.442499 -0.246437
0.60498 -0.437622 -0.0531385 -0.442619 -0.246437
0.605469 -0.437648 -0.0511871 -0.442739 -0.246437
0.605957 -0.437672 -0.0492328 -0.44286 -0.246437
0.606445 -0.437696 -0.0472757 -0.44298 -0.246437
0.606934 -0.437719 -0.0453158 -0.4431 -0.246437
0.607422 -0.43774 -0.0433532 -0.443221 -0.246437
0.60791 -0.437761 -0.0413877 -0.443341 -0.246437
0.608398 -0.437781 -0.0394194 -0.443461 -0.246437
0.608887 -0.437799 -0.0374483 -0.443582 -0.246437
0.609375 -0.437817 -0.0354744 -0.443702 -0.246437
0.609863 -0.437834 -0.0334977 -0.443822 -0.246437
0.610352 -0.43785 -0.0315182 -0.443943 -0.246437
0.61084 -0.437865 -0.0295358 -0.444063 -0.246437
0.611328 -0.437879 -0.0275506 -0.444183 -0.246437
0.611816 -0.437892 -0.0255626 -0.444304 -0.246437
0.612305 -0.437904 -0.0235718 -0.444424 -0.246437
0.612793 -0.437915 -0.0215782 -0.444544 -0.246437
0.613281 -0.437925 -0.0195817 -0.444665 -0.246437
0.61377 -0.437934 -0.0175823 -0.444785 -0.246437
0.614258 -0.437942 -0.0155802 -0.444905 -0.246437
0.614746 -0.437949 -0.0135752 -0.445026 -0.246437
0.615234 -0.437955 -0.0115673 -0.445146 -0.246437
0.615723 -0.43796 -0.0095566 -0.445266 -0.246437
0.616211 -0.437965 -0.00754304 -0.445387 -0.246437
0.616699 -0.437968 -0.00552664 -0.445507 -0.246437
0.617188 -0.43797 -0.00350738 -0.445627 -0.246437
0.617676 -0.437971 -0.00148526 -0.445748 -0.246437
0.618164 -0.437971 0.000539716 -0.445868 -0.246437
0.618652 -0.437971 0.00256756 -0.445988 -0.246437
0.619141 -0.437969 0.00459827 -0.446109 -0.246437
0.619629 -0.437966 0.00663184 -0.446229 -0.246437
0.620117 -0.437962 0.00866829 -0.446349 -0.246437
0.620605 -0.437958 0.0107076 -0.44647 -0.246437
0.621094 -0.437952 0.0127498 -0.44659 -0.246437
0.621582 -0.437945 0.0147949 -0.44671 -0.246437
0.62207 -0.437938 0.0168429 -0.446831 -0.246437
0.622559 -0.437929 0.0188937 -0.446951 -0.246437
0.623047 -0.437919 0.0209475 -0.447071 -0.246437
0.623535 -0.437908 0.0230041 -0.447192 -0.246437
0.624023 -0.437897 0.0250636 -0.447312 -0.246437
0.624512 -0.437884 0.027126 -0.447432 -0.246437
0.625 -0.43787 0.0291913 -0.447553 0.342425
0.625488 -0.437855 0.0312596 -0.447386 0.342425
0.625977 -0.43784 0.0333307 -0.447218 0.342425
0.626465 -0.437823 0.0354047 -0.447051 0.342425
0.626953 -0.437805 0.0374817 -0.446884 0.342425
0.627441 -0.437786 0.0395615 -0.446717 0.342425
0.62793 -0.437766 0.0416443 -0.44655 0.342425
0.628418 -0.437746 0.04373 -0.446382 0.342425
0.628906 -0.437724 0.0458186 -0.446215 0.342425
0.629395 -0.437701 0.0479101 -0.446048 0.342425
0.629883 -0.437677 0.0500046 -0.445881 0.342425
0.630371 -0.437652 0.052102 -0.445714 0.342425
0.630859 -0.437626 0.0542023 -0.445546 0.342425
0.631348 -0.437599 0.0563056 -0.445379 0.342425
0.631836 -0.437571 0.0584118 -0.445212 0.342425
0.632324 -0.437542 0.060521 -0.445045 0.342425
0.632812 -0.437512 0.062633 -0.444878 0.342425
0.633301 -0.437481 0.0647481 -0.44471 0.342425
0.633789 -0.437449 0.0668661 -0.444543 0.342425
0.634277 -0.437416 0.068987 -0.444376 0.342425
0.634766 -0.437381 0.0711109 -0.444209 0.342425
0.635254 -0.437346 0.0732378 -0.444042 0.342425
0.635742 -0.43731 0.0753676 -0.443874 0.342425
0.63623 -0.437273 0.0775003 -0.443707 0.342425
0.636719 -0.437234 0.0796361 -0.44354 0.342425
0.637207 -0.437195 0.0817748 -0.443373 0.342425
0.637695 -0.437154 0.0839165 -0.443206 0.342425
0.638184 -0.437113 0.0860611 -0.443038 0.342425
0.638672 -0.43707 0.0882088 -0.442871 0.342425
0.63916 -0.437027 0.0903594 -0.442704 0.342425
0.639648 -0.436982 0.092513 -0.442537 0.342425
0.640137 -0.436936 0.0946696 -0.44237 0.342425
0.640625 -0.43689 0.0968292 -0.442202 0.342425
0.641113 -0.436842 0.0989917 -0.442035 0.342425
0.641602 -0.436793 0.101157 -0.441868 0.342425
0.64209 -0.436743 0.103326 -0.441701 0.342425
0.642578 -0.436692 0.105497 -0.441534 0.342425
0.643066 -0.43664 0.107672 -0.441366 0.342425
0.643555 -0.436587 0.10985 -0.441199 0.342425
0.644043 -0.436533 0.11203 -0.441032 0.342425
0.644531 -0.436477 0.114214 -0.440865 0.342425
0.64502 -0.436421 0.1164 -0.440698 0.342425
0.645508 -0.436364 0.11859 -0.44053 0.342425
0.645996 -0.436305 0.120783 -0.440363 0.342425
0.646484 -0.436246 0.122978 -0.440196 0.342425
0.646973 -0.436185 0.125177 -0.440029 0.342425
0.647461 -0.436124 0.127379 -0.439862 0.342425
0.647949 -0.436061 0.129584 -0.439694 0.342425
0.648438 -0.435997 0.131791 -0.439527 0.342425
0.648926 -0.435932 0.134002 -0.43936 0.342425
0.649414 -0.435866 0.136216 -0.439193 0.342425
0.649902 -0.435799 0.138433 -0.439026 0.342425
0.650391 -0.435731 0.140653 -0.438858 0.342425
0.650879 -0.435662 0.142876 -0.438691 0.342425
0.651367 -0.435591 0.145102 -0.438524 0.342425
0.651855 -0.43552 0.147331 -0.438357 0.342425
0.652344 -0.435448 0.149563 -0.43819 0.342425
0.652832 -0.435374 0.151799 -0.438022 0.342425
0.65332 -0.435299 0.154037 -0.437855 0.342425
0.653809 -0.435224 0.156278 -0.437688 0.342425
0.654297 -0.435147 0.158523 -0.437521 0.342425
0.654785 -0.435069 0.16077 -0.437354 0.342425
0.655273 -0.43499 0.163021 -0.437186 0.342425
0.655762 -0.43491 0.165274 -0.437019 0.342425
0.65625 -0.434828 0.167531 -0.436852 0.342425
0.656738 -0.434746 0.169791 -0.436685 0.342425
0.657227 -0.434662 0.172054 -0.436518 0.342425
0.657715 -0.434578 0.17432 -0.43635 0.342425
0.658203 -0.434492 0.176589 -0.436183 0.342425
0.658691 -0.434405 0.178861 -0.436016 0.342425
0.65918 -0.434318 0.181137 -0.435849 0.342425
0.659668 -0.434229 0.183415 -0.435682 0.342425
0.660156 -0.434138 0.185697 -0.435514 0.342425
0.660645 -0.434047 0.187981 -0.435347 0.342425
0.661133 -0.433955 0.190269 -0.43518 0.342425
0.661621 -0.433861 0.19256 -0.435013 0.342425
0.662109 -0.433767 0.194854 -0.434846 0.342425
0.662598 -0.433671 0.197151 -0.434678 0.342425
0.663086 -0.433574 0.199451 -0.434511 0.342425
0.663574 -0.433476 0.201754 -0.434344 0.342425
0.664062 -0.433377 0.204061 -0.434177 0.342425
0.664551 -0.433277 0.20637 -0.43401 0.342425
0.665039 -0.433176 0.208683 -0.433842 0.342425
0.665527 -0.433073 0.210999 -0.433675 0.342425
0.666016 -0.43297 0.213318 -0.433508 0.342425
0.666504 -0.432865 0.21564 -0.433341 0.342425
0.666992 -0.432759 0.217965 -0.433174 0.342425
0.66748 -0.432652 0.220294 -0.433006 0.342425
0.667969 -0.432544 0.222625 -0.432839 0.342425
0.668457 -0.432435 0.22496 -0.432672 0.342425
0.668945 -0.432324 0.227298 -0.432505 0.342425
0.669434 -0.432213 0.229639 -0.432338 0.342425
0.669922 -0.4321 0.231983 -0.43217 0.342425
0.67041 -0.431986 0.234331 -0.432003 0.342425
0.670898 -0.431871 0.236681 -0.431836 0.342425
0.671387 -0.431755 0.239035 -0.431669 0.342425
0.671875 -0.431638 0.241392 -0.431502 0.342425
0.672363 -0.431519 0.243752 -0.431334 0.342425
0.672852 -0.4314 0.246115 -0.431167 0.342425
0.67334 -0.431279 0.248482 -0.431 0.342425
0.673828 -0.431157 0.250852 -0.430833 0.342425
0.674316 -0.431034 0.253224 -0.430666 0.342425
0.674805 -0.43091 0.2556 -0.430498 0.342425
0.675293 -0.430784 0.25798 -0.430331 0.342425
0.675781 -0.430658 0.260362 -0.430164 0.342425
0.67627 -0.43053 0.262748 -0.429997 0.342425
0.676758 -0.430401 0.265137 -0.42983 0.342425
0.677246 -0.430271 0.267529 -0.429662 0.342425
0.677734 -0.43014 0.269924 -0.429495 0.342425
0.678223 -0.430008 0.272322 -0.429328 0.342425
0.678711 -0.429874 0.274724 -0.429161 0.342425
0.679199 -0.429739 0.277129 -0.428994 0.342425
0.679688 -0.429603 0.279537 -0.428826 0.342425
0.680176 -0.429466 0.281949 -0.428659 0.342425
0.680664 -0.429328 0.284363 -0.428492 0.342425
0.681152 -0.429189 0.286781 -0.428325 0.342425
0.681641 -0.429048 0.289202 -0.428158 0.342425
0.682129 -0.428906 0.291627 -0.42799 0.342425
0.682617 -0.428763 0.294054 -0.427823 0.342425
0.683105 -0.428619 0.296485 -0.427656 0.342425
0.683594 -0.428474 0.298919 -0.427489 0.342425
0.684082 -0.428327 0.301356 -0.427322 0.342425
0.68457 -0.428179 0.303797 -0.427154 0.342425
0.685059 -0.42803 0.306241 -0.426987 0.342425
0.685547 -0.42788 0.308688 -0.42682 0.342425
0.686035 -0.427729 0.311138 -0.426653 0.342425
0.686523 -0.427576 0.313592 -0.426486 0.342425
0.687012 -0.427423 0.316049 -0.426318 0.342425
0.6875 -0.427268 0.318509 -0.426151 0.342425
0.687988 -0.427112 0.320972 -0.425984 0.342425
0.688477 -0.426954 0.323439 -0.425817 0.342425
0.688965 -0.426796 0.325909 -0.42565 0.342425
0.689453 -0.426636 0.328382 -0.425482 0.342425
0.689941 -0.426475 0.330859 -0.425315 0.342425
0.69043 -0.426313 0.333339 -0.425148 0.342425
0.690918 -0.42615 0.335822 -0.424981 0.342425
0.691406 -0.425985 0.338308 -0.424814 0.342425
0.691895 -0.425819 0.340798 -0.424646 0.342425
0.692383 -0.425652 0.343291 -0.424479 0.342425
0.692871 -0.425484 0.345787 -0.424312 0.342425
0.693359 -0.425315 0.348287 -0.424145 0.342425
0.693848 -0.425144 0.35079 -0.423978 0.342425
0.694336 -0.424972 0.353296 -0.42381 0.342425
0.694824 -0.424799 0.355806 -0.423643 0.342425
0.695312 -0.424625 0.358319 -0.423476 0.342425
0.695801 -0.424449 0.360835 -0.423309 0.342425
0.696289 -0.424272 0.363355 -0.423142 0.342425
0.696777 -0.424094 0.365878 -0.422974 0.342425
0.697266 -0.423915 0.368404 -0.422807 0.342425
0.697754 -0.423734 0.370934 -0.42264 0.342425
0.698242 -0.423553 0.373467 -0.422473 0.342425
0.69873 -0.42337 0.376003 -0.422306 0.342425
0.699219 -0.423185 0.378543 -0.422138 0.342425
0.699707 -0.423 0.381086 -0.421971 0.342425
0.700195 -0.422813 0.383632 -0.421804 0.342425
0.700684 -0.422625 0.386182 -0.421637 0.342425
0.701172 -0.422436 0.388735 -0.42147 0.342425
0.70166 -0.422246 0.391291 -0.421302 0.342425
0.702148 -0.422054 0.393851 -0.421135 0.342425
0.702637 -0.421861 0.396414 -0.420968 0.342425
0.703125 -0.421667 0.398981 -0.420801 0.342425
0.703613 -0.421471 0.401551 -0.420634 0.342425
0.704102 -0.421275 0.404124 -0.420466 0.342425
0.70459 -0.421077 0.406701 -0.420299 0.342425
0.705078 -0.420878 0.409281 -0.420132 0.342425
0.705566 -0.420677 0.411864 -0.419965 0.342425
0.706055 -0.420475 0.414451 -0.419798 0.342425
0.706543 -0.420272 0.417041 -0.41963 0.342425
0.707031 -0.420068 0.419635 -0.419463 0.342425
0.70752 -0.419863 0.422232 -0.419296 0.342425
0.708008 -0.419656 0.424832 -0.419129 0.342425
0.708496 -0.419448 0.427436 -0.418962 0.342425
0.708984 -0.419238 0.430043 -0.418794 0.342425
0.709473 -0.419028 0.432654 -0.418627 0.342425
0.709961 -0.418816 0.435268 -0.41846 0.342425
0.710449 -0.418603 0.437886 -0.418293 0.342425
0.710938 -0.418388 0.440507 -0.418126 0.342425
0.711426 -0.418172 0.443131 -0.417958 0.342425
0.711914 -0.417955 0.445759 -0.417791 0.342425
0.712402 -0.417737 0.44839 -0.417624 0.342425
0.712891 -0.417518 0.451025 -0.417457 0.342425
0.713379 -0.417297 0.453663 -0.41729 0.342425
0.713867 -0.417075 0.456304 -0.417122 0.342425
0.714355 -0.416851 0.458949 -0.416955 0.342425
0.714844 -0.416626 0.461598 -0.416788 0.342425
0.715332 -0.4164 0.46425 -0.416621 0.342425
0.71582 -0.416173 0.466905 -0.416454 0.342425
0.716309 -0.415944 0.469564 -0.416286 0.342425
0.716797 -0.415714 0.472226 -0.416119 0.342425
0.717285 -0.415483 0.474892 -0.415952 0.342425
0.717773 -0.415251 0.477561 -0.415785 0.342425
0.718262 -0.415017 0.480234 -0.415618 0.342425
0.71875 -0.414782 0.48291 -0.41545 0.342425
0.719238 -0.414545 0.48559 -0.415283 0.342425
0.719727 -0.414307 0.488273 -0.415116 0.342425
0.720215 -0.414068 0.490959 -0.414949 0.342425
0.720703 -0.413828 0.49365 -0.414782 0.342425
0.721191 -0.413586 0.496343 -0.414614 0.342425
0.72168 -0.413343 0.49904 -0.414447 0.342425
0.722168 -0.413099 0.501741 -0.41428 0.342425
0.722656 -0.412853 0.504445 -0.414113 0.342425
0.723145 -0.412606 0.507152 -0.413946 0.342425
0.723633 -0.412358 0.509863 -0.413778 0.342425
0.724121 -0.412108 0.512578 -0.413611 0.342425
0.724609 -0.411857 0.515296 -0.413444 0.342425
0.725098 -0.411605 0.518018 -0.413277 0.342425
0.725586 -0.411352 0.520743 -0.41311 0.342425
0.726074 -0.411097 0.523472 -0.412942 0.342425
0.726562 -0.41084 0.526204 -0.412775 0.342425
0.727051 -0.410583 0.52894 -0.412608 0.342425
0.727539 -0.410324 0.531679 -0.412441 0.342425
0.728027 -0.410064 0.534422 -0.412274 0.342425
0.728516 -0.409802 0.537168 -0.412106 0.342425
0.729004 -0.409539 0.539918 -0.411939 0.342425
0.729492 -0.409275 0.542671 -0.411772 0.342425
0.72998 -0.409009 0.545428 -0.411605 0.342425
0.730469 -0.408742 0.548189 -0.411438 0.342425
0.730957 -0.408474 0.550953 -0.41127 0.342425
0.731445 -0.408204 0.553721 -0.411103 0.342425
0.731934 -0.407933 0.556492 -0.410936 0.342425
0.732422 -0.407661 0.559267 -0.410769 0.342425
0.73291 -0.407387 0.562045 -0.410602 0.342425
0.733398 -0.407112 0.564827 -0.410434 0.342425
0.733887 -0.406835 0.567612 -0.410267 0.342425
0.734375 -0.406557 0.570402 -0.4101 0.342425
0.734863 -0.406278 0.573194 -0.409933 0.342425
0.735352 -0.405998 0.57599 -0.409766 0.342425
0.73584 -0.405716 0.57879 -0.409598 0.342425
0.736328 -0.405432 0.581594 -0.409431 0.342425
0.736816 -0.405148 0.584401 -0.409264 0.342425
0.737305 -0.404862 0.587211 -0.409097 0.342425
0.737793 -0.404574 0.590026 -0.40893 0.342425
0.738281 -0.404285 0.592843 -0.408762 0.342425
0.73877 -0.403995 0.595665 -0.408595 0.342425
0.739258 -0.403704 0.59849 -0.408428 0.342425
0.739746 -0.403411 0.601319 -0.408261 0.342425
0.740234 -0.403117 0.604151 -0.408094 0.342425
0.740723 -0.402821 0.606987 -0.407926 0.342425
0.741211 -0.402524 0.609826 -0.407759 0.342425
0.741699 -0.402225 0.61267 -0.407592 0.342425
0.742188 -0.401925 0.615517 -0.407425 0.342425
0.742676 -0.401624 0.618367 -0.407258 0.342425
0.743164 -0.401322 0.621221 -0.40709 0.342425
0.743652 -0.401018 0.624079 -0.406923 0.342425
0.744141 -0.400712 0.62694 -0.406756 0.342425
0.744629 -0.400405 0.629805 -0.406589 0.342425
0.745117 -0.400097 0.632674 -0.406422 0.342425
0.745605 -0.399787 0.635546 -0.406254 0.342425
0.746094 -0.399476 0.638422 -0.406087 0.342425
0.746582 -0.399164 0.641302 -0.40592 0.342425
0.74707 -0.39885 0.644185 -0.405753 0.342425
0.747559 -0.398535 0.647072 -0.405586 0.342425
0.748047 -0.398218 0.649963 -0.405418 0.342425
0.748535 -0.3979 0.652857 -0.405251 0.342425
0.749023 -0.397581 0.655755 -0.405084 0.342425
0.749512 -0.39726 0.658657 -0.404917 0.342425
0.75 -0.396938 0.661563 -0.40475 1.60259
0.750488 -0.396614 0.664472 -0.403967 1.60259
0.750977 -0.396289 0.667384 -0.403185 1.60259
0.751465 -0.395962 0.670301 -0.402402 1.60259
0.751953 -0.395634 0.673221 -0.401619 1.60259
0.752441 -0.395305 0.676145 -0.400837 1.60259
0.75293 -0.394974 0.679073 -0.400054 1.60259
0.753418 -0.394641 0.682004 -0.399272 1.60259
0.753906 -0.394308 0.684939 -0.398489 1.60259
0.754395 -0.393973 0.687878 -0.397707 1.60259
0.754883 -0.393636 0.69082 -0.396924 1.60259
0.755371 -0.393298 0.693766 -0.396142 1.60259
0.755859 -0.392958 0.696716 -0.395359 1.60259
0.756348 -0.392618 0.69967 -0.394577 1.60259
0.756836 -0.392275 0.702627 -0.393794 1.60259
0.757324 -0.391931 0.705589 -0.393012 1.60259
0.757812 -0.391586 0.708553 -0.392229 1.60259
0.758301 -0.391239 0.711522 -0.391447 1.60259
0.758789 -0.390891 0.714494 -0.390664 1.60259
0.759277 -0.390542 0.71747 -0.389882 1.60259
0.759766 -0.390191 0.72045 -0.389099 1.60259
0.760254 -0.389838 0.723434 -0.388317 1.60259
0.760742 -0.389484 0.726421 -0.387534 1.60259
0.76123 -0.389129 0.729413 -0.386752 1.60259
0.761719 -0.388772 0.732408 -0.385969 1.60259
0.762207 -0.388413 0.735406 -0.385187 1.60259
0.762695 -0.388054 0.738409 -0.384404 1.60259
0.763184 -0.387692 0.741415 -0.383622 1.60259
0.763672 -0.38733 0.744425 -0.382839 1.60259
0.76416 -0.386965 0.747439 -0.382057 1.60259
0.764648 -0.3866 0.750457 -0.381274 1.60259
0.765137 -0.386233 0.753478 -0.380492 1.60259
0.765625 -0.385864 0.756503 -0.379709 1.60259
0.766113 -0.385494 0.759532 -0.378927 1.60259
0.766602 -0.385122 0.762565 -0.378144 1.60259
0.76709 -0.384749 0.765602 -0.377362 1.60259
0.767578 -0.384374 0.768642 -0.376579 1.60259
0.768066 -0.383998 0.771686 -0.375796 1.60259
0.768555 -0.383621 0.774734 -0.375014 1.60259
0.769043 -0.383242 0.777786 -0.374231 1.60259
0.769531 -0.382861 0.780842 -0.373449 1.60259
0.77002 -0.382479 0.783902 -0.372666 1.60259
0.770508 -0.382096 0.786965 -0.371884 1.60259
0.770996 -0.381711 0.790032 -0.371101 1.60259
0.771484 -0.381324 0.793103 -0.370319 1.60259
0.771973 -0.380936 0.796178 -0.369536 1.60259
0.772461 -0.380547 0.799257 -0.368754 1.60259
0.772949 -0.380156 0.80234 -0.367971 1.60259
0.773438 -0.379763 0.805426 -0.367189 1.60259
0.773926 -0.379369 0.808516 -0.366406 1.60259
0.774414 -0.378974 0.811611 -0.365624 1.60259
0.774902 -0.378577 0.814709 -0.364841 1.60259
0.775391 -0.378178 0.817811 -0.364059 1.60259
0.775879 -0.377778 0.820916 -0.363276 1.60259
0.776367 -0.377376 0.824026 -0.362494 1.60259
0.776855 -0.376973 0.827139 -0.361711 1.60259
0.777344 -0.376569 0.830257 -0.360929 1.60259
0.777832 -0.376162 0.833378 -0.360146 1.60259
0.77832 -0.375755 0.836503 -0.359364 1.60259
0.778809 -0.375346 0.839632 -0.358581 1.60259
0.779297 -0.374935 0.842765 -0.357799 1.60259
0.779785 -0.374523 0.845902 -0.357016 1.60259
0.780273 -0.374109 0.849043 -0.356234 1.60259
0.780762 -0.373693 0.852188 -0.355451 1.60259
0.78125 -0.373277 0.855336 -0.354669 1.60259
0.781738 -0.372858 0.858489 -0.353886 1.60259
0.782227 -0.372438 0.861645 -0.353104 1.60259
0.782715 -0.372017 0.864806 -0.352321 1.60259
0.783203 -0.371594 0.86797 -0.351539 1.60259
0.783691 -0.371169 0.871138 -0.350756 1.60259
0.78418 -0.370743 0.87431 -0.349974 1.60259
0.784668 -0.370315 0.877486 -0.349191 1.60259
0.785156 -0.369886 0.880667 -0.348408 1.60259
0.785645 -0.369455 0.88385 -0.347626 1.60259
0.786133 -0.369023 0.887038 -0.346843 1.60259
0.786621 -0.368589 0.89023 -0.346061 1.60259
0.787109 -0.368153 0.893426 -0.345278 1.60259
0.787598 -0.367716 0.896626 -0.344496 1.60259
0.788086 -0.367278 0.89983 -0.343713 1.60259
0.788574 -0.366838 0.903037 -0.342931 1.60259
0.789062 -0.366396 0.906249 -0.342148 1.60259
0.789551 -0.365953 0.909465 -0.341366 1.60259
0.790039 -0.365508 0.912684 -0.340583 1.60259
0.790527 -0.365061 0.915908 -0.339801 1.60259
0.791016 -0.364613 0.919135 -0.339018 1.60259
0.791504 -0.364164 0.922367 -0.338236 1.60259
0.791992 -0.363713 0.925602 -0.337453 1.60259
0.79248 -0.36326 0.928842 -0.336671 1.60259
0.792969 -0.362806 0.932086 -0.335888 1.60259
0.793457 -0.36235 0.935333 -0.335106 1.60259
0.793945 -0.361892 0.938585 -0.334323 1.60259
0.794434 -0.361433 0.94184 -0.333541 1.60259
0.794922 -0.360972 0.9451 -0.332758 1.60259
0.79541 -0.36051 0.948363 -0.331976 1.60259
0.795898 -0.360046 0.951631 -0.331193 1.60259
0.796387 -0.359581 0.954903 -0.330411 1.60259
0.796875 -0.359114 0.958178 -0.329628 1.60259
0.797363 -0.358645 0.961458 -0.328846 1.60259
0.797852 -0.358175 0.964742 -0.328063 1.60259
0.79834 -0.357703 0.968029 -0.327281 1.60259
0.798828 -0.357229 0.971321 -0.326498 1.60259
0.799316 -0.356754 0.974617 -0.325716 1.60259
0.799805 -0.356278 0.977917 -0.324933 1.60259
0.800293 -0.355799 0.981221 -0.324151 1.60259
0.800781 -0.355319 0.984529 -0.323368 1.60259
0.80127 -0.354838 0.987841 -0.322586 1.60259
0.801758 -0.354355 0.991157 -0.321803 1.60259
0.802246 -0.35387 0.994477 -0.32102 1.60259
0.802734 -0.353384 0.997801 -0.320238 1.60259
0.803223 -0.352896 1.00113 -0.319455 1.60259
0.803711 -0.352406 1.00446 -0.318673 1.60259
0.804199 -0.351915 1.0078 -0.31789 1.60259
0.804688 -0.351422 1.01114 -0.317108 1.60259
0.805176 -0.350927 1.01448 -0.316325 1.60259
0.805664 -0.350431 1.01783 -0.315543 1.60259
0.806152 -0.349933 1.02119 -0.31476 1.60259
0.806641 -0.349434 1.02454 -0.313978 1.60259
0.807129 -0.348933 1.0279 -0.313195 1.60259
0.807617 -0.34843 1.03127 -0.312413 1.60259
0.808105 -0.347926 1.03464 -0.31163 1.60259
0.808594 -0.34742 1.03801 -0.310848 1.60259
0.809082 -0.346912 1.04139 -0.310065 1.60259
0.80957 -0.346403 1.04477 -0.309283 1.60259
0.810059 -0.345892 1.04816 -0.3085 1.60259
0.810547 -0.345379 1.05155 -0.307718 1.60259
0.811035 -0.344865 1.05494 -0.306935 1.60259
0.811523 -0.344349 1.05834 -0.306153 1.60259
0.812012 -0.343831 1.06174 -0.30537 1.60259
0.8125 -0.343312 1.06515 -0.304588 1.60259
0.812988 -0.342791 1.06856 -0.303805 1.60259
0.813477 -0.342268 1.07197 -0.303023 1.60259
0.813965 -0.341744 1.07539 -0.30224 1.60259
0.814453 -0.341218 1.07881 -0.301458 1.60259
0.814941 -0.340691 1.08224 -0.300675 1.60259
0.81543 -0.340161 1.08567 -0.299893 1.60259
0.815918 -0.33963 1.08911 -0.29911 1.60259
0.816406 -0.339098 1.09255 -0.298328 1.60259
0.816895 -0.338563 1.09599 -0.297545 1.60259
0.817383 -0.338027 1.09944 -0.296763 1.60259
0.817871 -0.33749 1.10289 -0.29598 1.60259
0.818359 -0.33695 1.10635 -0.295197 1.60259
0.818848 -0.336409 1.10981 -0.294415 1.60259
0.819336 -0.335867 1.11328 -0.293632 1.60259
0.819824 -0.335322 1.11674 -0.29285 1.60259
0.820312 -0.334776 1.12022 -0.292067 1.60259
0.820801 -0.334228 1.1237 -0.291285 1.60259
0.821289 -0.333679 1.12718 -0.290502 1.60259
0.821777 -0.333127 1.13066 -0.28972 1.60259
0.822266 -0.332575 1.13415 -0.288937 1.60259
0.822754 -0.33202 1.13765 -0.288155 1.60259
0.823242 -0.331464 1.14115 -0.287372 1.60259
0.82373 -0.330905 1.14465 -0.28659 1.60259
0.824219 -0.330346 1.14816 -0.285807 1.60259
0.824707 -0.329784 1.15167 -0.285025 1.60259
0.825195 -0.329221 1.15518 -0.284242 1.60259
0.825684 -0.328656 1.1587 -0.28346 1.60259
0.826172 -0.32809 1.16223 -0.282677 1.60259
0.82666 -0.327521 1.16575 -0.281895 1.60259
0.827148 -0.326951 1.16929 -0.281112 1.60259
0.827637 -0.326379 1.17282 -0.28033 1.60259
0.828125 -0.325806 1.17637 -0.279547 1.60259
0.828613 -0.32523 1.17991 -0.278765 1.60259
0.829102 -0.324653 1.18346 -0.277982 1.60259
0.82959 -0.324075 1.18701 -0.2772 1.60259
0.830078 -0.323494 1.19057 -0.276417 1.60259
0.830566 -0.322912 1.19414 -0.275635 1.60259
0.831055 -0.322328 1.1977 -0.274852 1.60259
0.831543 -0.321742 1.20127 -0.27407 1.60259
0.832031 -0.321155 1.20485 -0.273287 1.60259
0.83252 -0.320566 1.20843 -0.272505 1.60259
0.833008 -0.319975 1.21201 -0.271722 1.60259
0.833496 -0.319382 1.2156 -0.27094 1.60259
0.833984 -0.318788 1.21919 -0.270157 1.60259
0.834473 -0.318192 1.22279 -0.269375 1.60259
0.834961 -0.317594 1.22639 -0.268592 1.60259
0.835449 -0.316994 1.23 -0.267809 1.60259
0.835938 -0.316392 1.23361 -0.267027 1.60259
0.836426 -0.315789 1.23722 -0.266244 1.60259
0.836914 -0.315184 1.24084 -0.265462 1.60259
0.837402 -0.314578 1.24446 -0.264679 1.60259
0.837891 -0.313969 1.24809 -0.263897 1.60259
0.838379 -0.313359 1.25172 -0.263114 1.60259
0.838867 -0.312747 1.25536 -0.262332 1.60259
0.839355 -0.312133 1.259 -0.261549 1.60259
0.839844 -0.311517 1.26264 -0.260767 1.60259
0.840332 -0.3109 1.26629 -0.259984 1.60259
0.84082 -0.31028 1.26995 -0.259202 1.60259
0.841309 -0.30966 1.2736 -0.258419 1.60259
0.841797 -0.309037 1.27727 -0.257637 1.60259
0.842285 -0.308412 1.28093 -0.256854 1.60259
0.842773 -0.307786 1.2846 -0.256072 1.60259
0.843262 -0.307158 1.28828 -0.255289 1.60259
0.84375 -0.306528 1.29196 -0.254507 1.60259
0.844238 -0.305896 1.29564 -0.253724 1.60259
0.844727 -0.305262 1.29933 -0.252942 1.60259
0.845215 -0.304627 1.30302 -0.252159 1.60259
0.845703 -0.30399 1.30672 -0.251377 1.60259
0.846191 -0.303351 1.31042 -0.250594 1.60259
0.84668 -0.30271 1.31413 -0.249812 1.60259
0.847168 -0.302068 1.31784 -0.249029 1.60259
0.847656 -0.301423 1.32155 -0.248247 1.60259
0.848145 -0.300777 1.32527 -0.247464 1.60259
0.848633 -0.300129 1.329 -0.246682 1.60259
0.849121 -0.299479 1.33273 -0.245899 1.60259
0.849609 -0.298828 1.33646 -0.245117 1.60259
0.850098 -0.298174 1.3402 -0.244334 1.60259
0.850586 -0.297519 1.34394 -0.243552 1.60259
0.851074 -0.296862 1.34768 -0.242769 1.60259
0.851562 -0.296203 1.35143 -0.241986 1.60259
0.852051 -0.295542 1.35519 -0.241204 1.60259
0.852539 -0.294879 1.35895 -0.240421 1.60259
0.853027 -0.294215 1.36271 -0.239639 1.60259
0.853516 -0.293549 1.36648 -0.238856 1.60259
0.854004 -0.29288 1.37025 -0.238074 1.60259
0.854492 -0.29221 1.37403 -0.237291 1.60259
0.85498 -0.291539 1.37781 -0.236509 1.60259
0.855469 -0.290865 1.3816 -0.235726 1.60259
0.855957 -0.290189 1.38539 -0.234944 1.60259
0.856445 -0.289512 1.38919 -0.234161 1.60259
0.856934 -0.288833 1.39299 -0.233379 1.60259
0.857422 -0.288152 1.39679 -0.232596 1.60259
0.85791 -0.287469 1.4006 -0.231814 1.60259
0.858398 -0.286784 1.40441 -0.231031 1.60259
0.858887 -0.286097 1.40823 -0.230249 1.60259
0.859375 -0.285409 1.41205 -0.229466 1.60259
0.859863 -0.284718 1.41588 -0.228684 1.60259
0.860352 -0.284026 1.41971 -0.227901 1.60259
0.86084 -0.283332 1.42355 -0.227119 1.60259
0.861328 -0.282636 1.42739 -0.226336 1.60259
0.861816 -0.281938 1.43123 -0.225554 1.60259
0.862305 -0.281238 1.43508 -0.224771 1.60259
0.862793 -0.280536 1.43894 -0.223989 1.60259
0.863281 -0.279833 1.44279 -0.223206 1.60259
0.86377 -0.279127 1.44666 -0.222424 1.60259
0.864258 -0.27842 1.45053 -0.221641 1.60259
0.864746 -0.277711 1.4544 -0.220859 1.60259
0.865234 -0.277 1.45827 -0.220076 1.60259
0.865723 -0.276287 1.46216 -0.219294 1.60259
0.866211 -0.275572 1.46604 -0.218511 1.60259
0.866699 -0.274855 1.46993 -0.217729 1.60259
0.867188 -0.274136 1.47383 -0.216946 1.60259
0.867676 -0.273416 1.47773 -0.216164 1.60259
0.868164 -0.272693 1.48163 -0.215381 1.60259
0.868652 -0.271969 1.48554 -0.214598 1.60259
0.869141 -0.271243 1.48946 -0.213816 1.60259
0.869629 -0.270514 1.49337 -0.213033 1.60259
0.870117 -0.269784 1.4973 -0.212251 1.60259
0.870605 -0.269052 1.50122 -0.211468 1.60259
0.871094 -0.268318 1.50516 -0.210686 1.60259
0.871582 -0.267582 1.50909 -0.209903 1.60259
0.87207 -0.266844 1.51303 -0.209121 1.60259
0.872559 -0.266105 1.51698 -0.208338 1.60259
0.873047 -0.265363 1.52093 -0.207556 1.60259
0.873535 -0.264619 1.52489 -0.206773 1.60259
0.874023 -0.263874 1.52885 -0.205991 1.60259
0.874512 -0.263126 1.53281 -0.205208 1.60259
0.875 -0.262377 1.53678 -0.204426 1.63541
0.875488 -0.261626 1.54075 -0.203627 1.63541
0.875977 -0.260872 1.54473 -0.202829 1.63541
0.876465 -0.260117 1.54872 -0.20203 1.63541
0.876953 -0.25936 1.5527 -0.201232 1.63541
0.877441 -0.258601 1.5567 -0.200433 1.63541
0.87793 -0.25784 1.56069 -0.199635 1.63541
0.878418 -0.257077 1.56469 -0.198836 1.63541
0.878906 -0.256312 1.5687 -0.198037 1.63541
0.879395 -0.255545 1.57271 -0.197239 1.63541
0.879883 -0.254776 1.57673 -0.19644 1.63541
0.880371 -0.254005 1.58075 -0.195642 1.63541
0.880859 -0.253232 1.58477 -0.194843 1.63541
0.881348 -0.252457 1.5888 -0.194045 1.63541
0.881836 -0.251681 1.59284 -0.193246 1.63541
0.882324 -0.250902 1.59688 -0.192448 1.63541
0.882812 -0.250121 1.60092 -0.191649 1.63541
0.883301 -0.249338 1.60497 -0.190851 1.63541
0.883789 -0.248554 1.60903 -0.190052 1.63541
0.884277 -0.247767 1.61308 -0.189254 1.63541
0.884766 -0.246978 1.61715 -0.188455 1.63541
0.885254 -0.246188 1.62121 -0.187656 1.63541
0.885742 -0.245395 1.62529 -0.186858 1.63541
0.88623 -0.244601 1.62936 -0.186059 1.63541
0.886719 -0.243804 1.63345 -0.185261 1.63541
0.887207 -0.243006 1.63753 -0.184462 1.63541
0.887695 -0.242205 1.64163 -0.183664 1.63541
0.888184 -0.241402 1.64572 -0.182865 1.63541
0.888672 -0.240598 1.64982 -0.182067 1.63541
0.88916 -0.239791 1.65393 -0.181268 1.63541
0.889648 -0.238983 1.65804 -0.18047 1.63541
0.890137 -0.238172 1.66215 -0.179671 1.63541
0.890625 -0.237359 1.66628 -0.178873 1.63541
0.891113 -0.236545 1.6704 -0.178074 1.63541
0.891602 -0.235728 1.67453 -0.177275 1.63541
0.89209 -0.23491 1.67866 -0.176477 1.63541
0.892578 -0.234089 1.6828 -0.175678 1.63541
0.893066 -0.233266 1.68695 -0.17488 1.63541
0.893555 -0.232441 1.6911 -0.174081 1.63541
0.894043 -0.231615 1.69525 -0.173283 1.63541
0.894531 -0.230786 1.69941 -0.172484 1.63541
0.89502 -0.229955 1.70357 -0.171686 1.63541
0.895508 -0.229122 1.70774 -0.170887 1.63541
0.895996 -0.228287 1.71192 -0.170089 1.63541
0.896484 -0.22745 1.71609 -0.16929 1.63541
0.896973 -0.226612 1.72028 -0.168492 1.63541
0.897461 -0.225771 1.72446 -0.167693 1.63541
0.897949 -0.224927 1.72866 -0.166894 1.63541
0.898438 -0.224082 1.73285 -0.166096 1.63541
0.898926 -0.223235 1.73706 -0.165297 1.63541
0.899414 -0.222386 1.74126 -0.164499 1.63541
0.899902 -0.221535 1.74548 -0.1637 1.63541
0.900391 -0.220681 1.74969 -0.162902 1.63541
0.900879 -0.219826 1.75391 -0.162103 1.63541
0.901367 -0.218969 1.75814 -0.161305 1.63541
0.901855 -0.218109 1.76237 -0.160506 1.63541
0.902344 -0.217248 1.76661 -0.159708 1.63541
0.902832 -0.216384 1.77085 -0.158909 1.63541
0.90332 -0.215518 1.7751 -0.158111 1.63541
0.903809 -0.21465 1.77935 -0.157312 1.63541
0.904297 -0.213781 1.7836 -0.156513 1.63541
0.904785 -0.212909 1.78786 -0.155715 1.63541
0.905273 -0.212035 1.79213 -0.154916 1.63541
0.905762 -0.211159 1.7964 -0.154118 1.63541
0.90625 -0.21028 1.80068 -0.153319 1.63541
0.906738 -0.2094 1.80496 -0.152521 1.63541
0.907227 -0.208518 1.80924 -0.151722 1.63541
0.907715 -0.207633 1.81353 -0.150924 1.63541
0.908203 -0.206747 1.81783 -0.150125 1.63541
0.908691 -0.205858 1.82213 -0.149327 1.63541
0.90918 -0.204967 1.82643 -0.148528 1.63541
0.909668 -0.204074 1.83074 -0.14773 1.63541
0.910156 -0.203179 1.83506 -0.146931 1.63541
0.910645 -0.202282 1.83938 -0.146132 1.63541
0.911133 -0.201383 1.84371 -0.145334 1.63541
0.911621 -0.200482 1.84804 -0.144535 1.63541
0.912109 -0.199578 1.85237 -0.143737 1.63541
0.912598 -0.198673 1.85671 -0.142938 1.63541
0.913086 -0.197765 1.86106 -0.14214 1.63541
0.913574 -0.196855 1.86541 -0.141341 1.63541
0.914062 -0.195944 1.86976 -0.140543 1.63541
0.914551 -0.195029 1.87412 -0.139744 1.63541
0.915039 -0.194113 1.87849 -0.138946 1.63541
0.915527 -0.193195 1.88286 -0.138147 1.63541
0.916016 -0.192275 1.88723 -0.137349 1.63541
0.916504 -0.191352 1.89161 -0.13655 1.63541
0.916992 -0.190427 1.896 -0.135751 1.63541
0.91748 -0.1895 1.90039 -0.134953 1.63541
0.917969 -0.188571 1.90478 -0.134154 1.63541
0.918457 -0.18764 1.90918 -0.133356 1.63541
0.918945 -0.186707 1.91359 -0.132557 1.63541
0.919434 -0.185772 1.918 -0.131759 1.63541
0.919922 -0.184834 1.92241 -0.13096 1.63541
0.92041 -0.183894 1.92683 -0.130162 1.63541
0.920898 -0.182952 1.93126 -0.129363 1.63541
0.921387 -0.182008 1.93569 -0.128565 1.63541
0.921875 -0.181062 1.94013 -0.127766 1.63541
0.922363 -0.180114 1.94457 -0.126968 1.63541
0.922852 -0.179163 1.94901 -0.126169 1.63541
0.92334 -0.17821 1.95346 -0.12537 1.63541
0.923828 -0.177255 1.95792 -0.124572 1.63541
0.924316 -0.176298 1.96238 -0.123773 1.63541
0.924805 -0.175339 1.96685 -0.122975 1.63541
0.925293 -0.174377 1.97132 -0.122176 1.63541
0.925781 -0.173414 1.97579 -0.121378 1.63541
0.92627 -0.172448 1.98027 -0.120579 1.63541
0.926758 -0.17148 1.98476 -0.119781 1.63541
0.927246 -0.17051 1.98925 -0.118982 1.63541
0.927734 -0.169537 1.99375 -0.118184 1.63541
0.928223 -0.168563 1.99825 -0.117385 1.63541
0.928711 -0.167586 2.00276 -0.116587 1.63541
0.929199 -0.166607 2.00727 -0.115788 1.63541
0.929688 -0.165626 2.01179 -0.11499 1.63541
0.930176 -0.164642 2.01631 -0.114191 1.63541
0.930664 -0.163657 2.02084 -0.113392 1.63541
0.931152 -0.162669 2.02537 -0.112594 1.63541
0.931641 -0.161679 2.02991 -0.111795 1.63541
0.932129 -0.160686 2.03445 -0.110997 1.63541
0.932617 -0.159692 2.039 -0.110198 1.63541
0.933105 -0.158695 2.04355 -0.1094 1.63541
0.933594 -0.157696 2.04811 -0.108601 1.63541
0.934082 -0.156695 2.05267 -0.107803 1.63541
0.93457 -0.155692 2.05724 -0.107004 1.63541
0.935059 -0.154686 2.06182 -0.106206 1.63541
0.935547 -0.153678 2.0664 -0.105407 1.63541
0.936035 -0.152668 2.07098 -0.104609 1.63541
0.936523 -0.151656 2.07557 -0.10381 1.63541
0.937012 -0.150641 2.08017 -0.103011 1.63541
0.9375 -0.149624 2.08477 -0.102213 1.63541
0.937988 -0.148605 2.08937 -0.101414 1.63541
0.938477 -0.147584 2.09398 -0.100616 1.63541
0.938965 -0.14656 2.0986 -0.0998173 1.63541
0.939453 -0.145535 2.10322 -0.0990187 1.63541
0.939941 -0.144506 2.10785 -0.0982202 1.63541
0.94043 -0.143476 2.11248 -0.0974217 1.63541
0.940918 -0.142444 2.11711 -0.0966231 1.63541
0.941406 -0.141409 2.12176 -0.0958246 1.63541
0.941895 -0.140371 2.1264 -0.095026 1.63541
0.942383 -0.139332 2.13105 -0.0942275 1.63541
0.942871 -0.13829 2.13571 -0.093429 1.63541
0.943359 -0.137246 2.14038 -0.0926304 1.63541
0.943848 -0.1362 2.14504 -0.0918319 1.63541
0.944336 -0.135152 2.14972 -0.0910334 1.63541
0.944824 -0.134101 2.1544 -0.0902348 1.63541
0.945312 -0.133048 2.15908 -0.0894363 1.63541
0.945801 -0.131992 2.16377 -0.0886377 1.63541
0.946289 -0.130935 2.16846 -0.0878392 1.63541
0.946777 -0.129875 2.17316 -0.0870407 1.63541
0.947266 -0.128812 2.17787 -0.0862421 1.63541
0.947754 -0.127748 2.18258 -0.0854436 1.63541
0.948242 -0.126681 2.1873 -0.0846451 1.63541
0.94873 -0.125612 2.19202 -0.0838465 1.63541
0.949219 -0.12454 2.19674 -0.083048 1.63541
0.949707 -0.123467 2.20148 -0.0822494 1.63541
0.950195 -0.12239 2.20621 -0.0814509 1.63541
0.950684 -0.121312 2.21096 -0.0806524 1.63541
0.951172 -0.120231 2.2157 -0.0798538 1.63541
0.95166 -0.119148 2.22046 -0.0790553 1.63541
0.952148 -0.118063 2.22522 -0.0782567 1.63541
0.952637 -0.116975 2.22998 -0.0774582 1.63541
0.953125 -0.115885 2.23475 -0.0766597 1.63541
0.953613 -0.114793 2.23952 -0.0758611 1.63541
0.954102 -0.113698 2.2443 -0.0750626 1.63541
0.95459 -0.112601 2.24909 -0.0742641 1.63541
0.955078 -0.111502 2.25388 -0.0734655 1.63541
0.955566 -0.1104 2.25868 -0.072667 1.63541
0.956055 -0.109296 2.26348 -0.0718684 1.63541
0.956543 -0.10819 2.26828 -0.0710699 1.63541
0.957031 -0.107081 2.2731 -0.0702714 1.63541
0.95752 -0.10597 2.27791 -0.0694728 1.63541
0.958008 -0.104856 2.28274 -0.0686743 1.63541
0.958496 -0.103741 2.28757 -0.0678757 1.63541
0.958984 -0.102622 2.2924 -0.0670772 1.63541
0.959473 -0.101502 2.29724 -0.0662787 1.63541
0.959961 -0.100379 2.30208 -0.0654801 1.63541
0.960449 -0.0992538 2.30693 -0.0646816 1.63541
0.960938 -0.0981262 2.31179 -0.0638831 1.63541
0.961426 -0.0969962 2.31665 -0.0630845 1.63541
0.961914 -0.0958639 2.32152 -0.062286 1.63541
0.962402 -0.0947291 2.32639 -0.0614874 1.63541
0.962891 -0.093592 2.33127 -0.0606889 1.63541
0.963379 -0.0924525 2.33615 -0.0598904 1.63541
0.963867 -0.0913106 2.34104 -0.0590918 1.63541
0.964355 -0.0901663 2.34593 -0.0582933 1.63541
0.964844 -0.0890196 2.35083 -0.0574948 1.63541
0.965332 -0.0878706 2.35574 -0.0566962 1.63541
0.96582 -0.0867191 2.36065 -0.0558977 1.63541
0.966309 -0.0855653 2.36556 -0.0550991 1.63541
0.966797 -0.084409 2.37048 -0.0543006 1.63541
0.967285 -0.0832503 2.37541 -0.0535021 1.63541
0.967773 -0.0820893 2.38034 -0.0527035 1.63541
0.968262 -0.0809258 2.38528 -0.051905 1.63541
0.96875 -0.0797599 2.39022 -0.0511064 1.63541
0.969238 -0.0785916 2.39517 -0.0503079 1.63541
0.969727 -0.0774208 2.40013 -0.0495094 1.63541
0.970215 -0.0762477 2.40509 -0.0487108 1.63541
0.970703 -0.0750721 2.41005 -0.0479123 1.63541
0.971191 -0.0738941 2.41502 -0.0471138 1.63541
0.97168 -0.0727137 2.42 -0.0463152 1.63541
0.972168 -0.0715309 2.42498 -0.0455167 1.63541
0.972656 -0.0703456 2.42997 -0.0447181 1.63541
0.973145 -0.0691578 2.43496 -0.0439196 1.63541
0.973633 -0.0679677 2.43996 -0.0431211 1.63541
0.974121 -0.0667751 2.44496 -0.0423225 1.63541
0.974609 -0.06558 2.44997 -0.041524 1.63541
0.975098 -0.0643825 2.45499 -0.0407254 1.63541
0.975586 -0.0631826 2.46001 -0.0399269 1.63541
0.976074 -0.0619801 2.46504 -0.0391284 1.63541
0.976562 -0.0607753 2.47007 -0.0383298 1.63541
0.977051 -0.059568 2.47511 -0.0375313 1.63541
0.977539 -0.0583582 2.48015 -0.0367328 1.63541
0.978027 -0.0571459 2.4852 -0.0359342 1.63541
0.978516 -0.0559312 2.49025 -0.0351357 1.63541
0.979004 -0.0547141 2.49531 -0.0343371 1.63541
0.979492 -0.0534944 2.50038 -0.0335386 1.63541
0.97998 -0.0522723 2.50545 -0.0327401 1.63541
0.980469 -0.0510477 2.51053 -0.0319415 1.63541
0.980957 -0.0498206 2.51561 -0.031143 1.63541
0.981445 -0.048591 2.5207 -0.0303445 1.63541
0.981934 -0.047359 2.52579 -0.0295459 1.63541
0.982422 -0.0461244 2.53089 -0.0287474 1.63541
0.98291 -0.0448874 2.536 -0.0279488 1.63541
0.983398 -0.0436479 2.54111 -0.0271503 1.63541
0.983887 -0.0424058 2.54623 -0.0263518 1.63541
0.984375 -0.0411613 2.55135 -0.0255532 1.63541
0.984863 -0.0399143 2.55648 -0.0247547 1.63541
0.985352 -0.0386648 2.56161 -0.0239561 1.63541
0.98584 -0.0374127 2.56675 -0.0231576 1.63541
0.986328 -0.0361582 2.57189 -0.0223591 1.63541
0.986816 -0.0349011 2.57704 -0.0215605 1.63541
0.987305 -0.0336415 2.5822 -0.020762 1.63541
0.987793 -0.0323794 2.58736 -0.0199635 1.63541
0.988281 -0.0311148 2.59253 -0.0191649 1.63541
0.98877 -0.0298476 2.5977 -0.0183664 1.63541
0.989258 -0.028578 2.60288 -0.0175678 1.63541
0.989746 -0.0273058 2.60807 -0.0167693 1.63541
0.990234 -0.026031 2.61326 -0.0159708 1.63541
0.990723 -0.0247538 2.61846 -0.0151722 1.63541
0.991211 -0.0234739 2.62366 -0.0143737 1.63541
0.991699 -0.0221916 2.62887 -0.0135751 1.63541
0.992188 -0.0209067 2.63408 -0.0127766 1.63541
0.992676 -0.0196192 2.6393 -0.0119781 1.63541
0.993164 -0.0183293 2.64452 -0.0111795 1.63541
0.993652 -0.0170367 2.64975 -0.010381 1.63541
0.994141 -0.0157416 2.65499 -0.00958246 1.63541
0.994629 -0.0144439 2.66023 -0.00878392 1.63541
0.995117 -0.0131437 2.66548 -0.00798538 1.63541
0.995605 -0.0118409 2.67074 -0.00718684 1.63541
0.996094 -0.0105356 2.67599 -0.00638831 1.63541
0.996582 -0.00922765 2.68126 -0.00558977 1.63541
0.99707 -0.00791716 2.68653 -0.00479123 1.63541
0.997559 -0.00660409 2.69181 -0.00399269 1.63541
0.998047 -0.00528844 2.69709 -0.00319415 1.63541
0.998535 -0.00397021 2.70238 -0.00239561 1.63541
0.999023 -0.00264939 2.70768 -0.00159708 1.63541
0.999512 -0.00132599 2.71298 -0.000798538 1.63541
1 0 2.71828 0 0
